Nb de frequency :   100
 0.0100
  0.201663E-05 -0.755675E-07 -0.457533E-02 -0.752509E-07 -0.165361E-04 -0.207170E-05
 -0.696556E-06  0.178214E-05  0.211562E-03  0.166126E-04  0.606376E-05 -0.157886E-04
 -0.213623E-05 -0.541687E-05  0.549508E+02 -0.115967E-04 -0.122070E-05  0.143951E-02
 -0.864007E-05  0.195175E-04  0.113411E-01  0.165106E-03  0.754650E-04  0.467031E-04
 -0.210427E-04 -0.463683E-05  0.470686E-01 -0.399256E-04  0.179084E-03  0.242256E-04
 -0.470281E-06 -0.572205E-07 -0.362105E+00 -0.152111E-05  0.398159E-05  0.518560E-07
 0.0503
  0.382140E+00  0.135340E-03 -0.584530E+00  0.153205E-01 -0.312140E+01 -0.123965E-02
 -0.635078E-04  0.382536E+00  0.474808E-01  0.312359E+01  0.144919E-01 -0.206925E-02
 -0.119740E-02  0.378255E-02  0.686930E+04  0.110038E+00  0.297200E-01  0.453081E+01
  0.876543E-02  0.311662E+01  0.170095E+01  0.254410E+02  0.461187E-01 -0.801395E-02
 -0.311828E+01  0.130173E-01  0.600236E+01 -0.920347E-02  0.254693E+02  0.102924E-01
 -0.637317E-03 -0.107171E-03 -0.410255E+02 -0.134822E-02  0.524322E-02 -0.287520E-01
 0.0906
  0.236477E+02  0.146397E-01 -0.341967E+01  0.992276E+00 -0.193199E+03 -0.510982E-01
 -0.153027E-01  0.236380E+02  0.548925E+00  0.192998E+03  0.998850E+00 -0.891044E-02
 -0.250848E-01  0.860934E-01  0.384632E+05  0.200324E+01  0.521693E+00  0.832076E+02
  0.757844E+00  0.192753E+03  0.129929E+02  0.157381E+04  0.920044E+00 -0.863573E-01
 -0.192969E+03  0.782438E+00  0.350783E+02 -0.739536E+00  0.157656E+04  0.429024E+00
 -0.376797E-01 -0.108949E-01 -0.173414E+03 -0.959675E-01  0.306418E+00 -0.378024E+00
 0.1309
  0.306184E+03  0.207596E+00 -0.102777E+02  0.129717E+02 -0.250185E+04 -0.650533E+00
 -0.223277E+00  0.306049E+03  0.285860E+01  0.249917E+04  0.131137E+02 -0.155075E+00
 -0.153793E+00  0.427884E+00  0.108366E+06  0.118544E+02  0.300477E+01  0.497749E+03
  0.979653E+01  0.249612E+04  0.526367E+02  0.203837E+05  0.120713E+02 -0.100058E+01
 -0.249884E+04  0.995631E+01  0.105171E+03 -0.107328E+02  0.204186E+05  0.539507E+01
 -0.527297E+00 -0.148397E+00 -0.232374E+03 -0.124884E+01  0.429804E+01 -0.105280E+01
 0.1712
  0.196544E+04  0.146345E+01 -0.228927E+02  0.841690E+02 -0.160629E+05 -0.435733E+01
 -0.159784E+01  0.196455E+04  0.974296E+01  0.160456E+05  0.853280E+02 -0.101207E+01
 -0.499257E+00  0.135599E+01  0.220651E+06  0.405612E+02  0.102353E+02  0.177475E+04
  0.618113E+02  0.160257E+05  0.153709E+03  0.130894E+06  0.845302E+02 -0.767689E+01
 -0.160432E+05  0.625760E+02  0.233080E+03 -0.783961E+02  0.131119E+06  0.359301E+02
 -0.370686E+01 -0.101318E+01  0.267187E+03 -0.837621E+01  0.302656E+02  0.212154E+01
 0.2115
  0.843007E+04  0.708190E+01 -0.427784E+02  0.366689E+03 -0.689139E+05 -0.201117E+02
 -0.763603E+01  0.842627E+04  0.250253E+02  0.688401E+05  0.371586E+03 -0.477707E+01
 -0.116499E+01  0.311489E+01  0.368836E+06  0.101501E+03  0.244961E+02  0.466630E+04
  0.257130E+03  0.687524E+05  0.359085E+03  0.561698E+06  0.420599E+03 -0.372060E+02
 -0.688273E+05  0.260591E+03  0.431813E+03 -0.392466E+03  0.562659E+06  0.165058E+03
 -0.176214E+02 -0.475276E+01  0.209710E+04 -0.390450E+02  0.143958E+03  0.265958E+02
 0.2518
  0.278160E+05  0.269471E+02 -0.709175E+02  0.123583E+04 -0.227460E+06 -0.724699E+02
 -0.288050E+02  0.278031E+05  0.535331E+02  0.227215E+06  0.125226E+04 -0.173138E+02
 -0.198159E+01  0.574067E+01  0.537468E+06  0.201392E+03  0.455083E+02  0.100030E+05
  0.814141E+03  0.226917E+06  0.720339E+03  0.185447E+07  0.164025E+04 -0.138299E+03
 -0.227166E+06  0.826084E+03  0.708937E+03 -0.154301E+04  0.185765E+07  0.593653E+03
 -0.649972E+02 -0.173265E+02  0.616116E+04 -0.142171E+03  0.531204E+03  0.114795E+03
 0.2921
  0.763221E+05  0.869379E+02 -0.107868E+03  0.348731E+04 -0.624346E+06 -0.219364E+03
 -0.923296E+02  0.762855E+05  0.994721E+02  0.623667E+06  0.353491E+04 -0.522312E+02
 -0.241571E+01  0.795003E+01  0.705770E+06  0.340586E+03  0.676443E+02  0.184805E+05
  0.211097E+04  0.622819E+06  0.127291E+04  0.509192E+07  0.542533E+04 -0.422088E+03
 -0.623510E+06  0.214705E+04  0.106310E+04 -0.512969E+04  0.510066E+07  0.179479E+04
 -0.200427E+03 -0.530373E+02  0.132604E+05 -0.435694E+03  0.163854E+04  0.347862E+03
 0.3324
  0.182565E+06  0.248802E+03 -0.153158E+03  0.865227E+04 -0.149411E+07 -0.582054E+03
 -0.262954E+03  0.182472E+06  0.165846E+03  0.149246E+07  0.877693E+04 -0.139176E+03
 -0.989481E+00  0.716790E+01  0.852128E+06  0.489910E+03  0.748474E+02  0.304491E+05
  0.467110E+04  0.149035E+07  0.203757E+04  0.121900E+08  0.158800E+05 -0.113394E+04
 -0.149203E+07  0.476703E+04  0.148748E+04 -0.150904E+05  0.122110E+08  0.475984E+04
 -0.540190E+03 -0.142402E+03  0.238602E+05 -0.117211E+04  0.441765E+04  0.854558E+03
 0.3727
  0.392412E+06  0.648854E+03 -0.205601E+03  0.194830E+05 -0.321314E+07 -0.139209E+04
 -0.681704E+03  0.392203E+06  0.252329E+03  0.320953E+07  0.197725E+05 -0.334193E+03
  0.464890E+01 -0.319730E+01  0.958155E+06  0.596375E+03  0.424210E+02  0.457548E+05
  0.901059E+04  0.320480E+07  0.299695E+04  0.262264E+08  0.421751E+05 -0.273823E+04
 -0.320847E+07  0.923826E+04  0.195778E+04 -0.402837E+05  0.262720E+08  0.113826E+05
 -0.130915E+04 -0.345002E+03  0.378966E+05 -0.284588E+04  0.107103E+05  0.181451E+04
 0.4130
  0.772837E+06  0.156307E+04 -0.261008E+03  0.406231E+05 -0.633180E+07 -0.305416E+04
 -0.163413E+04  0.772399E+06  0.352318E+03  0.632454E+07  0.412492E+05 -0.737522E+03
  0.189381E+02 -0.311096E+02  0.101153E+07  0.569349E+03 -0.741389E+02  0.636604E+05
  0.152129E+05  0.631478E+07  0.407230E+04  0.517076E+08  0.103139E+06 -0.606857E+04
 -0.632216E+07  0.157132E+05  0.243147E+04 -0.989517E+05  0.517981E+08  0.249748E+05
 -0.290405E+04 -0.768200E+03  0.546884E+05 -0.635059E+04  0.237698E+05  0.345422E+04
 0.4533
  0.141103E+07  0.349117E+04 -0.311405E+03  0.792750E+05 -0.115681E+08 -0.620971E+04
 -0.363518E+04  0.141017E+07  0.451731E+03  0.115545E+08  0.805431E+05 -0.151111E+04
  0.478568E+02 -0.879768E+02  0.100732E+07  0.277072E+03 -0.330423E+03  0.828647E+05
  0.221822E+05  0.115358E+08  0.510933E+04  0.945224E+08  0.233214E+06 -0.124732E+05
 -0.115496E+08  0.232158E+05  0.283633E+04 -0.224512E+06  0.946891E+08  0.507937E+05
 -0.596028E+04 -0.158959E+04  0.729543E+05 -0.131666E+05  0.488125E+05  0.602968E+04
 0.4936
  0.240138E+07  0.718619E+04 -0.347005E+03  0.145002E+06 -0.197020E+08 -0.117504E+05
 -0.745695E+04  0.239984E+07  0.522348E+03  0.196785E+08  0.147391E+06 -0.289053E+04
  0.993983E+02 -0.190308E+03  0.948075E+06 -0.426594E+03 -0.797084E+03  0.101613E+06
  0.269466E+05  0.196448E+08  0.586862E+04  0.161089E+09  0.484612E+06 -0.239212E+05
 -0.196687E+08  0.289199E+05  0.308538E+04 -0.467870E+06  0.161374E+09  0.961606E+05
 -0.113718E+05 -0.307110E+04  0.909086E+05 -0.254821E+05  0.931933E+05  0.980391E+04
 0.5339
  0.381070E+07  0.134393E+05 -0.351137E+03  0.246792E+06 -0.312909E+08 -0.207026E+05
 -0.139052E+05  0.380817E+07  0.523163E+03  0.312534E+08  0.250910E+06 -0.515922E+04
  0.178761E+03 -0.353042E+03  0.842810E+06 -0.168648E+04 -0.152136E+04  0.117904E+06
  0.252288E+05  0.311967E+08  0.596939E+04  0.256034E+09  0.912908E+06 -0.427820E+05
 -0.312349E+08  0.286694E+05  0.304695E+04 -0.883521E+06  0.256486E+09  0.169521E+06
 -0.201664E+05 -0.553668E+04  0.106470E+06 -0.460100E+05  0.165392E+06  0.150169E+05
 0.5742
  0.561893E+07  0.223582E+05 -0.313522E+03  0.385065E+06 -0.461823E+08 -0.338236E+05
 -0.230926E+05  0.561520E+07  0.415171E+03  0.461277E+08  0.391581E+06 -0.858754E+04
  0.288874E+03 -0.578688E+03  0.705257E+06 -0.353694E+04 -0.251872E+04  0.129740E+06
  0.153094E+05  0.460387E+08  0.507893E+04  0.378206E+09  0.152853E+07 -0.713280E+05
 -0.460943E+08  0.208066E+05  0.263919E+04 -0.148120E+07  0.378858E+09  0.277158E+06
 -0.331243E+05 -0.928351E+04  0.117525E+06 -0.772505E+05  0.271902E+06  0.218409E+05
 0.6145
  0.766359E+07  0.323608E+05 -0.226047E+03  0.541425E+06 -0.630538E+08 -0.509521E+05
 -0.333954E+05  0.765880E+07  0.172067E+03  0.629829E+08  0.550680E+06 -0.132443E+05
  0.423785E+03 -0.854405E+03  0.551508E+06 -0.588432E+04 -0.373531E+04  0.135343E+06
  0.468618E+04  0.628530E+08  0.298315E+04  0.516887E+09  0.222568E+07 -0.110161E+06
 -0.629253E+08  0.125154E+05  0.180115E+04 -0.215752E+07  0.517740E+09  0.417866E+06
 -0.501579E+05 -0.144025E+05  0.122211E+06 -0.119999E+06  0.412128E+06  0.303677E+05
 0.6548
  0.964708E+07  0.399504E+05 -0.967334E+02  0.676921E+06 -0.794663E+08 -0.706958E+05
 -0.412271E+05  0.964179E+07 -0.186088E+03  0.793848E+08  0.688468E+06 -0.188978E+05
  0.558500E+03 -0.114063E+04  0.397829E+06 -0.840113E+04 -0.494698E+04  0.133454E+06
  0.122881E+05  0.792090E+08 -0.166025E+03  0.652173E+09  0.276469E+07 -0.157361E+06
 -0.792923E+08  0.220302E+05  0.622955E+03 -0.267886E+07  0.653170E+09  0.580323E+06
 -0.698556E+05 -0.205976E+05  0.119103E+06 -0.171823E+06  0.574601E+06  0.405564E+05
 0.6952
  0.112436E+08  0.415241E+05  0.503401E+02  0.750483E+06 -0.927386E+08 -0.905289E+05
 -0.429328E+05  0.112387E+08 -0.599680E+03  0.926557E+08  0.763457E+06 -0.250439E+05
  0.683104E+03 -0.139088E+04  0.258406E+06 -0.106671E+05 -0.605489E+04  0.123473E+06
  0.566936E+05  0.924342E+08 -0.383628E+04  0.762076E+09  0.289897E+07 -0.208755E+06
 -0.925192E+08  0.675530E+05 -0.673895E+03 -0.280154E+07  0.763123E+09  0.743900E+06
 -0.898015E+05 -0.272916E+05  0.107494E+06 -0.227951E+06  0.739562E+06  0.522464E+05
 0.7355
  0.122419E+08  0.358213E+05  0.197303E+03  0.744009E+06 -0.101119E+09 -0.108038E+06
 -0.371733E+05  0.122380E+08 -0.991426E+03  0.101044E+09  0.756794E+06 -0.310555E+05
  0.764547E+03 -0.156986E+04  0.144152E+06 -0.123822E+05 -0.676522E+04  0.105412E+06
  0.141735E+06  0.100782E+09 -0.737876E+04  0.832125E+09  0.253273E+07 -0.259136E+06
 -0.100859E+09  0.152255E+06 -0.192458E+04 -0.243608E+07  0.833123E+09  0.888777E+06
 -0.107474E+06 -0.337307E+05  0.872901E+05 -0.282120E+06  0.886280E+06  0.651786E+05
 0.7758
  0.126089E+08  0.245407E+05  0.321791E+03  0.669890E+06 -0.104319E+09 -0.121605E+06
 -0.257341E+05  0.126064E+08 -0.130036E+04  0.104256E+09  0.681610E+06 -0.364979E+05
  0.821369E+03 -0.165918E+04  0.615407E+05 -0.133546E+05 -0.721950E+04  0.800869E+05
  0.251716E+06  0.103961E+09 -0.102532E+05  0.859791E+09  0.178247E+07 -0.304898E+06
 -0.104027E+09  0.261123E+06 -0.292838E+04 -0.169302E+07  0.860675E+09  0.100165E+07
 -0.121325E+06 -0.394785E+05  0.591161E+05 -0.330695E+06  0.100197E+07  0.790059E+05
 0.8161
  0.124476E+08  0.107200E+05  0.422788E+03  0.556327E+06 -0.103169E+09 -0.130904E+06
 -0.116658E+05  0.124463E+08 -0.150066E+04  0.103120E+09  0.566123E+06 -0.411378E+05
  0.835511E+03 -0.166408E+04  0.133248E+05 -0.135986E+05 -0.724359E+04  0.485579E+05
  0.365328E+06  0.102801E+09 -0.122115E+05  0.851742E+09  0.849089E+06 -0.344102E+06
 -0.102853E+09  0.372885E+06 -0.365948E+04 -0.773887E+06  0.852486E+09  0.107970E+07
 -0.130851E+06 -0.442381E+05  0.239803E+05 -0.371215E+06  0.108238E+07  0.933423E+05
 0.8564
  0.119130E+08 -0.296038E+04  0.504533E+03  0.430619E+06 -0.989341E+08 -0.136202E+06
  0.226012E+04  0.119126E+08 -0.160263E+04  0.988968E+08  0.438455E+06 -0.449452E+05
  0.836181E+03 -0.160449E+04 -0.152771E+04 -0.132621E+05 -0.708466E+04  0.124878E+05
  0.465091E+06  0.985604E+08 -0.133024E+05  0.818258E+09 -0.800041E+05 -0.376484E+06
 -0.986012E+08  0.470821E+06 -0.416141E+04  0.140693E+06  0.818870E+09  0.112505E+07
 -0.136408E+06 -0.480980E+05 -0.168087E+05 -0.404401E+06  0.113032E+07  0.108006E+06
 0.8967
  0.111509E+08 -0.149834E+05  0.569819E+03  0.310148E+06 -0.928086E+08 -0.138350E+06
  0.145102E+05  0.111508E+08 -0.161603E+04  0.927793E+08  0.316078E+06 -0.480475E+05
  0.819168E+03 -0.148232E+04  0.138527E+05 -0.123280E+05 -0.668516E+04 -0.266135E+05
  0.543425E+06  0.924309E+08 -0.135890E+05  0.769084E+09 -0.902473E+06 -0.403218E+06
 -0.924639E+08  0.547461E+06 -0.443533E+04  0.948887E+06  0.769590E+09  0.114467E+07
 -0.138690E+06 -0.511013E+05 -0.620530E+05 -0.430655E+06  0.115148E+07  0.122281E+06
 0.9370
  0.102730E+08 -0.247468E+05  0.632363E+03  0.203772E+06 -0.857104E+08 -0.137956E+06
  0.244725E+05  0.102727E+08 -0.157810E+04  0.856851E+08  0.207942E+06 -0.504852E+05
  0.791687E+03 -0.131797E+04  0.553256E+05 -0.109820E+05 -0.609177E+04 -0.673106E+05
  0.598998E+06  0.853274E+08 -0.133503E+05  0.711742E+09 -0.157522E+07 -0.424544E+06
 -0.853568E+08  0.601507E+06 -0.460942E+04  0.160808E+07  0.712174E+09  0.114339E+07
 -0.138380E+06 -0.534096E+05 -0.111046E+06 -0.451285E+06  0.115123E+07  0.136749E+06
 0.9773
  0.935524E+07 -0.323119E+05  0.694682E+03  0.113573E+06 -0.782652E+08 -0.135735E+06
  0.321651E+05  0.935437E+07 -0.150475E+04  0.782402E+08  0.116525E+06 -0.524360E+05
  0.760204E+03 -0.109070E+04  0.119245E+06 -0.902288E+04 -0.537310E+04 -0.108279E+06
  0.634440E+06  0.778755E+08 -0.127245E+05  0.651371E+09 -0.209846E+07 -0.442047E+06
 -0.779047E+08  0.636043E+06 -0.469790E+04  0.212243E+07  0.651762E+09  0.112712E+07
 -0.136102E+06 -0.551838E+05 -0.164193E+06 -0.467746E+06  0.113491E+07  0.150868E+06
 1.0176
  0.844556E+07 -0.379571E+05  0.766759E+03  0.388729E+05 -0.708680E+08 -0.132151E+06
  0.379084E+05  0.844386E+07 -0.141228E+04  0.708406E+08  0.407829E+05 -0.539417E+05
  0.704060E+03 -0.751444E+03  0.206029E+06 -0.607057E+04 -0.423575E+04 -0.149237E+06
  0.653964E+06  0.704689E+08 -0.118054E+05  0.591223E+09 -0.249377E+07 -0.456143E+06
 -0.705010E+08  0.654822E+06 -0.474116E+04  0.250948E+07  0.591601E+09  0.109965E+07
 -0.132384E+06 -0.563809E+05 -0.225370E+06 -0.479658E+06  0.110664E+07  0.165478E+06
 1.0579
  0.757151E+07 -0.420657E+05  0.881202E+03 -0.224562E+05 -0.637480E+08 -0.127539E+06
  0.420748E+05  0.756874E+07 -0.133268E+04  0.637156E+08 -0.213380E+05 -0.550409E+05
  0.598201E+03 -0.107677E+03  0.331376E+06 -0.606429E+03 -0.220986E+04 -0.191778E+06
  0.661324E+06  0.633356E+08 -0.108508E+05  0.533194E+09 -0.278387E+07 -0.466998E+06
 -0.633730E+08  0.661786E+06 -0.487602E+04  0.279334E+07  0.533583E+09  0.106354E+07
 -0.127488E+06 -0.572891E+05 -0.311577E+06 -0.489298E+06  0.106802E+07  0.183607E+06
 1.0982
  0.674763E+07 -0.450766E+05  0.124770E+04 -0.736411E+05 -0.570260E+08 -0.122286E+06
  0.451011E+05  0.674362E+07 -0.126574E+04  0.569867E+08 -0.730303E+05 -0.558742E+05
  0.238887E+03  0.254249E+04  0.642640E+06  0.215893E+05  0.436896E+04 -0.252933E+06
  0.660739E+06  0.565975E+08 -0.926460E+04  0.478292E+09 -0.300007E+07 -0.476017E+06
 -0.566422E+08  0.661185E+06 -0.550733E+04  0.300571E+07  0.478714E+09  0.102193E+07
 -0.121506E+06 -0.587497E+05 -0.559814E+06 -0.503648E+06  0.101865E+07  0.225214E+06
 1.1385
  0.597976E+07 -0.473879E+05 -0.427628E+03 -0.117715E+06 -0.507530E+08 -0.116265E+06
  0.473502E+05  0.597440E+07 -0.124125E+03  0.507053E+08 -0.116984E+06 -0.563207E+05
  0.147405E+04 -0.478181E+04 -0.301907E+06 -0.379192E+05 -0.188433E+05 -0.137974E+06
  0.655253E+06  0.503030E+08 -0.123805E+04  0.426942E+09 -0.316525E+07 -0.481169E+06
 -0.503563E+08  0.656270E+06  0.177191E+04  0.317167E+07  0.427413E+09  0.975691E+06
 -0.116134E+06 -0.555478E+05  0.204003E+06 -0.480872E+06  0.987572E+06  0.102007E+06
 1.1788
  0.526756E+07 -0.492851E+05  0.364405E+03 -0.157052E+06 -0.449283E+08 -0.110166E+06
  0.491900E+05  0.526073E+07 -0.663006E+03  0.448706E+08 -0.156399E+06 -0.564403E+05
  0.922405E+03 -0.237524E+04  0.194778E+06 -0.182388E+05 -0.824159E+04 -0.227868E+06
  0.647670E+06  0.444493E+08 -0.508111E+04  0.379140E+09 -0.330355E+07 -0.484004E+06
 -0.445131E+08  0.649223E+06 -0.191638E+04  0.330931E+07  0.379679E+09  0.926840E+06
 -0.108921E+06 -0.553726E+05 -0.134626E+06 -0.481067E+06  0.926490E+06  0.163271E+06
 1.2191
  0.460602E+07 -0.513066E+05  0.469756E+03 -0.196338E+06 -0.395126E+08 -0.103772E+06
  0.510841E+05  0.459755E+07 -0.618012E+03  0.394430E+08 -0.195241E+06 -0.564403E+05
  0.778570E+03 -0.175539E+04  0.326459E+06 -0.128413E+05 -0.579202E+04 -0.258156E+06
  0.641996E+06  0.389962E+08 -0.424841E+04  0.334569E+09 -0.344956E+07 -0.485670E+06
 -0.390722E+08  0.644709E+06 -0.198358E+04  0.345950E+07  0.335196E+09  0.875986E+06
 -0.101383E+06 -0.542767E+05 -0.213875E+06 -0.474193E+06  0.866541E+06  0.177674E+06
 1.2594
  0.398422E+07 -0.540249E+05  0.502460E+03 -0.240574E+06 -0.344212E+08 -0.970505E+05
  0.536107E+05  0.397387E+07 -0.536574E+03  0.343371E+08 -0.238648E+06 -0.562797E+05
  0.686407E+03 -0.141175E+04  0.407020E+06 -0.970429E+04 -0.431375E+04 -0.278085E+06
  0.642508E+06  0.338499E+08 -0.313967E+04  0.292501E+09 -0.364184E+07 -0.486034E+06
 -0.339409E+08  0.646854E+06 -0.181041E+04  0.365847E+07  0.293243E+09  0.822657E+06
 -0.932878E+05 -0.523492E+05 -0.255057E+06 -0.460503E+06  0.802691E+06  0.184327E+06
 1.2997
  0.337938E+07 -0.585655E+05  0.487431E+03 -0.300181E+06 -0.294729E+08 -0.899192E+05
  0.578934E+05  0.336659E+07 -0.369301E+03  0.293692E+08 -0.297156E+06 -0.561710E+05
  0.594945E+03 -0.116921E+04  0.465080E+06 -0.740735E+04 -0.306108E+04 -0.290578E+06
  0.657686E+06  0.288144E+08 -0.133588E+04  0.251381E+09 -0.396161E+07 -0.486911E+06
 -0.289256E+08  0.664235E+06 -0.138429E+04  0.398701E+07  0.252286E+09  0.765629E+06
 -0.840779E+05 -0.492860E+05 -0.281373E+06 -0.437651E+06  0.729926E+06  0.189518E+06
 1.3400
  0.272789E+07 -0.680164E+05  0.369871E+03 -0.403785E+06 -0.241585E+08 -0.818946E+05
  0.668390E+05  0.271116E+07 -0.125005E+03  0.240217E+08 -0.398079E+06 -0.564477E+05
  0.496972E+03 -0.977545E+03  0.508819E+06 -0.558088E+04 -0.187605E+04 -0.298344E+06
  0.709862E+06  0.233366E+08  0.109781E+04  0.206781E+09 -0.462207E+07 -0.491394E+06
 -0.234813E+08  0.720656E+06 -0.137165E+03  0.466913E+07  0.207967E+09  0.700939E+06
 -0.722571E+05 -0.439478E+05 -0.299262E+06 -0.396600E+06  0.636450E+06  0.191938E+06
 1.3803
  0.173423E+07 -0.924209E+05 -0.175735E+03 -0.654349E+06 -0.160721E+08 -0.690007E+05
  0.899824E+05  0.170936E+07  0.803910E+03  0.158634E+08 -0.641217E+06 -0.579568E+05
  0.320528E+03 -0.694379E+03  0.541356E+06 -0.302603E+04 -0.149092E+03 -0.302967E+06
  0.868348E+06  0.148390E+08  0.914028E+04  0.137722E+09 -0.637903E+07 -0.507741E+06
 -0.150547E+08  0.889605E+06  0.473069E+04  0.648551E+07  0.139534E+09  0.595166E+06
 -0.498301E+05 -0.304121E+05 -0.309911E+06 -0.289378E+06  0.458011E+06  0.189766E+06
 1.4206
  0.134443E+07 -0.307658E+05 -0.195692E+04 -0.183066E+06 -0.102429E+08 -0.715637E+04
  0.343548E+05  0.131471E+07  0.104203E+05  0.100244E+08 -0.193553E+06  0.213742E+05
  0.129475E+03 -0.519877E+03  0.563532E+06 -0.836049E+03  0.219431E+04 -0.303102E+06
  0.352537E+06  0.107554E+08  0.932610E+05  0.820133E+08 -0.212939E+07  0.173458E+06
 -0.110099E+08  0.322560E+06  0.214438E+05  0.203605E+07  0.838886E+08  0.608859E+05
 -0.332544E+05 -0.979121E+04 -0.316192E+06 -0.766272E+05  0.252835E+06  0.181079E+06
 1.4609
  0.304392E+07  0.165236E+05  0.136171E+04  0.277511E+06 -0.258815E+08 -0.681224E+05
 -0.162719E+05  0.305339E+07 -0.321336E+02  0.259627E+08  0.284216E+06 -0.277390E+05
  0.702992E+03 -0.922002E+03  0.576552E+06 -0.437605E+04 -0.267124E+04 -0.298287E+06
  0.275273E+05  0.264617E+08  0.380532E+04  0.225014E+09  0.102628E+07 -0.244067E+06
 -0.263832E+08  0.288031E+05 -0.811960E+04 -0.946438E+06  0.224342E+09  0.588875E+06
 -0.897607E+05 -0.619237E+05 -0.318435E+06 -0.530817E+06  0.760632E+06  0.181946E+06
 1.5012
  0.238812E+07 -0.101850E+04  0.118698E+04  0.121228E+06 -0.207584E+08 -0.637472E+05
  0.114185E+04  0.239087E+07 -0.412271E+03  0.207857E+08  0.124022E+06 -0.341776E+05
  0.636568E+03 -0.768606E+03  0.583004E+06 -0.309750E+04 -0.201877E+04 -0.290409E+06
  0.145339E+06  0.208970E+08  0.538033E+03  0.181688E+09 -0.966734E+05 -0.301969E+06
 -0.208752E+08  0.147196E+06 -0.671096E+04  0.138230E+06  0.181470E+09  0.555379E+06
 -0.742933E+05 -0.536599E+05 -0.316695E+06 -0.470451E+06  0.643431E+06  0.177168E+06
 1.5415
  0.198106E+07 -0.845225E+04  0.116382E+04  0.462427E+05 -0.174656E+08 -0.582922E+05
  0.837142E+04  0.198092E+07 -0.446034E+03  0.174691E+08  0.490289E+05 -0.346134E+05
  0.638375E+03 -0.661521E+03  0.583664E+06 -0.218442E+04 -0.192044E+04 -0.279361E+06
  0.189172E+06  0.174386E+08  0.393865E+03  0.153803E+09 -0.590845E+06 -0.307769E+06
 -0.174419E+08  0.192728E+06 -0.657306E+04  0.631396E+06  0.153791E+09  0.511583E+06
 -0.644946E+05 -0.481725E+05 -0.311182E+06 -0.428545E+06  0.566362E+06  0.168202E+06
 1.5818
  0.167096E+07 -0.119025E+05  0.109181E+04  0.533319E+04 -0.149162E+08 -0.529373E+05
  0.116407E+05  0.166938E+07 -0.437899E+03  0.149076E+08  0.858360E+04 -0.334347E+05
  0.717353E+03 -0.568511E+03  0.578123E+06 -0.150565E+04 -0.240705E+04 -0.263463E+06
  0.203369E+06  0.148011E+08  0.635356E+03  0.132192E+09 -0.822893E+06 -0.299356E+06
 -0.148173E+08  0.208653E+06 -0.598871E+04  0.868296E+06  0.132288E+09  0.468213E+06
 -0.569709E+05 -0.435888E+05 -0.303884E+06 -0.392854E+06  0.506603E+06  0.155710E+06
 1.6221
  0.141505E+07 -0.136675E+05  0.104129E+04 -0.206683E+05 -0.127907E+08 -0.477721E+05
  0.131801E+05  0.141271E+07 -0.416274E+03  0.127755E+08 -0.162261E+05 -0.315893E+05
  0.851384E+03 -0.435291E+03  0.565842E+06 -0.617258E+03 -0.316582E+04 -0.239205E+06
  0.204732E+06  0.126188E+08  0.101230E+04  0.114136E+09 -0.936816E+06 -0.285017E+06
 -0.126419E+08  0.212033E+06 -0.571031E+04  0.992230E+06  0.114291E+09  0.425556E+06
 -0.504913E+05 -0.389881E+05 -0.292865E+06 -0.356200E+06  0.454054E+06  0.141535E+06
 1.6624
  0.119447E+07 -0.143502E+05  0.103562E+04 -0.370017E+05 -0.109446E+08 -0.427622E+05
  0.137919E+05  0.119190E+07 -0.413131E+03  0.109270E+08 -0.324563E+05 -0.294155E+05
  0.127767E+04 -0.276248E+03  0.532561E+06  0.159606E+03 -0.604905E+04 -0.191115E+06
  0.199398E+06  0.107308E+08  0.104965E+04  0.984026E+08 -0.987933E+06 -0.267331E+06
 -0.107561E+08  0.207108E+06 -0.594587E+04  0.104104E+07  0.985782E+08  0.383596E+06
 -0.447171E+05 -0.349903E+05 -0.268319E+06 -0.323456E+06  0.405285E+06  0.113239E+06
 1.7027
  0.997880E+06 -0.146541E+05  0.139985E+03 -0.499905E+05 -0.928797E+07 -0.376623E+05
  0.140293E+05  0.995329E+06  0.250456E+03  0.927002E+07 -0.449870E+05 -0.273690E+05
  0.225583E+04  0.410823E+03  0.121299E+06  0.466745E+04 -0.189696E+05 -0.786618E+04
  0.191825E+06  0.904130E+07  0.443466E+04  0.842292E+08 -0.101481E+07 -0.249401E+06
 -0.906660E+07  0.200530E+06 -0.108633E+04  0.107494E+07  0.844094E+08  0.341893E+06
 -0.391329E+05 -0.314015E+05 -0.391951E+05 -0.294495E+06  0.362598E+06  0.216481E+05
 1.7430
  0.818752E+06 -0.147789E+05  0.712197E+03 -0.608182E+05 -0.776840E+07 -0.336180E+05
  0.140711E+05  0.816454E+06 -0.886082E+02  0.775200E+07 -0.554323E+05 -0.245098E+05
 -0.840363E+03 -0.631585E+03  0.335957E+06 -0.759336E+03  0.308492E+04 -0.271959E+06
  0.183240E+06  0.749129E+07  0.236065E+04  0.711431E+08 -0.102987E+07 -0.227308E+06
 -0.751460E+07  0.192798E+06 -0.413077E+04  0.109388E+07  0.713123E+08  0.305854E+06
 -0.319999E+05 -0.266232E+05 -0.177638E+06 -0.257014E+06  0.305025E+06  0.161447E+06
 1.7833
  0.650882E+06 -0.148301E+05  0.110527E+04 -0.710466E+05 -0.633475E+07 -0.289462E+05
  0.140288E+05  0.648972E+06 -0.329685E+03  0.632087E+07 -0.652026E+05 -0.219809E+05
 -0.282642E+03 -0.597882E+03  0.439191E+06 -0.114636E+04  0.179284E+04 -0.251902E+06
  0.174119E+06  0.602262E+07  0.128748E+04  0.586659E+08 -0.104115E+07 -0.206015E+06
 -0.604243E+07  0.184520E+06 -0.702229E+04  0.110861E+07  0.588134E+08  0.265964E+06
 -0.266641E+05 -0.221055E+05 -0.223701E+06 -0.219106E+06  0.258904E+06  0.143819E+06
 1.8236
  0.481998E+06 -0.148370E+05  0.129643E+04 -0.819721E+05 -0.488080E+07 -0.239978E+05
  0.140766E+05  0.480780E+06 -0.351633E+03  0.487192E+07 -0.766189E+05 -0.191637E+05
 -0.530358E+02 -0.545035E+03  0.444905E+06 -0.112358E+04  0.773094E+03 -0.227845E+06
  0.165320E+06  0.452326E+07  0.136569E+04  0.458363E+08 -0.106342E+07 -0.182034E+06
 -0.453680E+07  0.175559E+06 -0.871528E+04  0.112758E+07  0.459395E+08  0.223087E+06
 -0.206152E+05 -0.170732E+05 -0.220773E+06 -0.176200E+06  0.207252E+06  0.128523E+06
 1.8639
  0.283168E+06 -0.147582E+05  0.141172E+04 -0.955971E+05 -0.314546E+07 -0.176172E+05
  0.142020E+05  0.282897E+06 -0.298097E+03  0.314379E+07 -0.920396E+05 -0.156469E+05
  0.187439E+02 -0.483979E+03  0.433369E+06 -0.973039E+03  0.524054E+03 -0.205381E+06
  0.155258E+06  0.271468E+07  0.185503E+04  0.301635E+08 -0.110558E+07 -0.151343E+06
 -0.271896E+07  0.163837E+06 -0.980043E+04  0.115413E+07  0.301974E+08  0.166845E+06
 -0.127411E+05 -0.101940E+05 -0.209293E+06 -0.117255E+06  0.139317E+06  0.119199E+06
 1.9042
 -0.194094E+05 -0.104688E+05  0.167225E+04 -0.864045E+05 -0.357602E+06 -0.667073E+04
  0.107669E+05 -0.185987E+05  0.728190E+02  0.365334E+06 -0.890483E+05 -0.840419E+04
 -0.338334E+02 -0.236147E+03  0.415605E+06  0.836267E+03  0.122982E+04 -0.184147E+06
  0.106289E+06 -0.192796E+06  0.535713E+04  0.369773E+07 -0.923376E+06 -0.867509E+05
  0.201329E+06  0.107546E+06 -0.122456E+05  0.918152E+06  0.362417E+07  0.659527E+05
  0.679435E+03  0.142794E+04 -0.197445E+06 -0.103191E+05  0.192178E+05  0.106323E+06
 1.9445
  0.116686E+07  0.379315E+04  0.202620E+04  0.910990E+05 -0.964705E+07 -0.297447E+05
 -0.529436E+04  0.116585E+07 -0.957442E+03  0.964606E+07  0.113565E+06 -0.452898E+04
  0.862152E+03 -0.843538E+03  0.395122E+06 -0.392270E+04 -0.570123E+04 -0.164176E+06
  0.386627E+05  0.103424E+08 -0.347814E+04  0.855805E+08  0.295515E+06 -0.420855E+05
 -0.103564E+08  0.570879E+05 -0.164209E+05 -0.613261E+05  0.856327E+08  0.265323E+06
 -0.467775E+05 -0.440352E+05 -0.183398E+06 -0.367269E+06  0.385176E+06  0.920812E+05
 1.9848
  0.802239E+06  0.220735E+04  0.128543E+04  0.750098E+05 -0.732418E+07 -0.277760E+05
 -0.302059E+04  0.800836E+06 -0.113500E+04  0.731847E+07  0.849351E+05 -0.131252E+05
  0.929033E+03 -0.885455E+03  0.372513E+06 -0.512816E+04 -0.681163E+04 -0.144021E+06
  0.323703E+05  0.752493E+07 -0.592060E+04  0.687881E+08  0.238789E+06 -0.125326E+06
 -0.754237E+07  0.432572E+05 -0.964710E+04 -0.124972E+06  0.688819E+08  0.261638E+06
 -0.341127E+05 -0.317359E+05 -0.167579E+06 -0.292974E+06  0.310932E+06  0.777819E+05
 2.0252
  0.556198E+06 -0.221005E+04  0.113610E+04  0.254965E+05 -0.531012E+07 -0.216946E+05
  0.150000E+04  0.555133E+06 -0.985007E+03  0.530540E+07  0.327237E+05 -0.115911E+05
  0.908060E+03 -0.780566E+03  0.346358E+06 -0.474993E+04 -0.668820E+04 -0.121141E+06
  0.569310E+05  0.532292E+07 -0.493025E+04  0.509002E+08 -0.972177E+05 -0.112293E+06
 -0.533700E+07  0.662265E+05 -0.829464E+04  0.180827E+06  0.509830E+08  0.208949E+06
 -0.243904E+05 -0.215953E+05 -0.149652E+06 -0.209014E+06  0.232939E+06  0.676024E+05
 2.0655
  0.423693E+06 -0.365192E+04  0.108551E+04  0.501471E+04 -0.418334E+07 -0.177834E+05
  0.291015E+04  0.423038E+06 -0.828963E+03  0.418119E+07  0.119662E+05 -0.981666E+04
  0.105269E+04 -0.763847E+03  0.311951E+06 -0.510265E+04 -0.796930E+04 -0.921730E+05
  0.611268E+05  0.411893E+07 -0.382854E+04  0.407485E+08 -0.211095E+06 -0.958869E+05
 -0.412846E+07  0.703042E+05 -0.816428E+04  0.289824E+06  0.408010E+08  0.173971E+06
 -0.190749E+05 -0.161016E+05 -0.128640E+06 -0.161244E+06  0.188479E+06  0.540202E+05
 2.1058
  0.328801E+06 -0.406085E+04  0.906619E+03 -0.506134E+04 -0.335911E+07 -0.145592E+05
  0.345714E+04  0.328623E+06 -0.635063E+03  0.336046E+07  0.635659E+03 -0.820805E+04
  0.139586E+04 -0.762554E+03  0.245114E+06 -0.595235E+04 -0.110167E+05 -0.448637E+05
  0.599902E+05  0.325306E+07 -0.268265E+04  0.332955E+08 -0.260638E+06 -0.802204E+05
 -0.325757E+07  0.676995E+05 -0.714158E+04  0.326526E+06  0.333099E+08  0.144421E+06
 -0.154465E+05 -0.125422E+05 -0.899078E+05 -0.128685E+06  0.156255E+06  0.330142E+05
 2.1461
  0.251566E+06 -0.414460E+04 -0.939711E+02 -0.114043E+05 -0.267722E+07 -0.115579E+05
  0.361390E+04  0.251835E+06  0.198116E+03  0.268216E+07 -0.645375E+04 -0.674609E+04
  0.840165E+03 -0.903656E+02 -0.117649E+05 -0.576899E+03 -0.100653E+05 -0.839751E+04
  0.563232E+05  0.254388E+07  0.218801E+04  0.270950E+08 -0.281024E+06 -0.659373E+05
 -0.254356E+07  0.633475E+05  0.187665E+03  0.339316E+06  0.270703E+08  0.116235E+06
 -0.117503E+05 -0.100063E+05  0.222273E+05 -0.105358E+06  0.125051E+06  0.352609E+05
 2.1864
  0.185295E+06 -0.421024E+04  0.126409E+04 -0.170786E+05 -0.207961E+07 -0.982490E+04
  0.363605E+04  0.186011E+06 -0.746847E+03  0.208821E+07 -0.118580E+05 -0.463003E+04
 -0.892120E+03 -0.239487E+03  0.275492E+06  0.142975E+04  0.456621E+04 -0.185322E+06
  0.519108E+05  0.192362E+07 -0.317756E+04  0.215674E+08 -0.290706E+06 -0.481516E+05
 -0.191823E+07  0.595907E+05 -0.945630E+04  0.352030E+06  0.215013E+08  0.979914E+05
 -0.875274E+04 -0.664510E+04 -0.127682E+06 -0.759379E+05  0.977421E+05  0.101190E+06
 2.2267
  0.123226E+06 -0.406530E+04  0.139391E+04 -0.212691E+05 -0.150632E+07 -0.718920E+04
  0.363295E+04  0.124453E+06 -0.813779E+03  0.151884E+07 -0.172155E+05 -0.350436E+04
 -0.220688E+03 -0.432055E+03  0.292488E+06 -0.121488E+04  0.423556E+03 -0.137992E+06
  0.473370E+05  0.132207E+07 -0.349686E+04  0.160940E+08 -0.301445E+06 -0.367761E+05
 -0.131085E+07  0.541315E+05 -0.108278E+05  0.353880E+06  0.159817E+08  0.726530E+05
 -0.611095E+04 -0.405703E+04 -0.122142E+06 -0.506661E+05  0.724493E+05  0.667009E+05
 2.2670
  0.545651E+05 -0.365903E+04  0.149622E+04 -0.244048E+05 -0.847150E+06 -0.407407E+04
  0.355225E+04  0.562950E+05 -0.758154E+03  0.863509E+06 -0.231507E+05 -0.233236E+04
  0.286277E+00 -0.426383E+03  0.276562E+06 -0.170164E+04 -0.946069E+03 -0.109834E+06
  0.412345E+05  0.618719E+06 -0.309226E+04  0.948561E+07 -0.312504E+06 -0.249738E+05
 -0.600880E+06  0.461938E+05 -0.120556E+05  0.346240E+06  0.932079E+07  0.412194E+05
 -0.283168E+04 -0.155344E+04 -0.108239E+06 -0.245118E+05  0.405708E+05  0.487070E+05
 2.3073
 -0.235447E+05 -0.152039E+04  0.167246E+04 -0.148961E+05  0.358807E+05 -0.404316E+03
  0.237189E+04 -0.223055E+05 -0.666692E+03 -0.241343E+05 -0.217636E+05 -0.536987E+03
 -0.677297E+00 -0.258338E+03  0.258013E+06 -0.457789E+03 -0.455120E+03 -0.891836E+05
  0.236049E+05 -0.320407E+06 -0.215412E+04 -0.495687E+06 -0.246897E+06 -0.622605E+04
  0.337506E+06  0.211603E+05 -0.141217E+05  0.214766E+06 -0.651642E+06 -0.115619E+04
  0.993079E+03  0.176602E+03 -0.944349E+05  0.189911E+04 -0.297646E+04  0.415734E+05
 2.3476
  0.516429E+06  0.134232E+04  0.125563E+04  0.513952E+05 -0.441689E+07 -0.200443E+05
 -0.220002E+04  0.514237E+06 -0.111346E+04  0.440489E+07  0.629559E+05 -0.844197E+03
  0.890530E+03 -0.100811E+04  0.238703E+06 -0.654827E+04 -0.758901E+04 -0.711064E+05
  0.183603E+05  0.479573E+07 -0.654923E+04  0.410956E+08  0.248723E+06 -0.724052E+04
 -0.482125E+07  0.310755E+05 -0.111801E+05 -0.112101E+06  0.412509E+08  0.185698E+06
 -0.237092E+05 -0.253822E+05 -0.813508E+05 -0.218411E+06  0.199468E+06  0.344274E+05
 2.3879
  0.324503E+06 -0.637321E+02  0.854090E+03  0.279273E+05 -0.315026E+07 -0.127990E+05
 -0.829512E+03  0.323201E+06 -0.870140E+03  0.314428E+07  0.379964E+05 -0.136398E+04
  0.873851E+03 -0.867934E+03  0.217350E+06 -0.638162E+04 -0.793632E+04 -0.530627E+05
  0.159770E+05  0.328896E+07 -0.491455E+04  0.320470E+08  0.140965E+06 -0.133122E+05
 -0.330693E+07  0.291631E+05 -0.689827E+04 -0.160047E+05  0.321522E+08  0.128803E+06
 -0.141854E+05 -0.125109E+05 -0.683778E+05 -0.122448E+06  0.135636E+06  0.244581E+05
 2.4282
  0.211948E+06 -0.106528E+04  0.754715E+03  0.106938E+05 -0.219469E+07 -0.827735E+04
  0.405200E+03  0.211956E+06 -0.674138E+03  0.219811E+07  0.185097E+05 -0.837343E+03
  0.899076E+03 -0.694593E+03  0.189547E+06 -0.554186E+04 -0.819174E+04 -0.319447E+05
  0.199068E+05  0.223176E+07 -0.351347E+04  0.231968E+08  0.230783E+05 -0.743429E+04
 -0.223589E+07  0.314568E+05 -0.601213E+04  0.850213E+05  0.232029E+08  0.863944E+05
 -0.932525E+04 -0.727710E+04 -0.523888E+05 -0.749887E+05  0.941910E+05  0.165349E+05
 2.4685
  0.151187E+06 -0.155308E+04  0.451447E+03  0.179322E+04 -0.165262E+07 -0.561526E+04
  0.753063E+03  0.151872E+06 -0.380287E+03  0.166107E+07  0.104538E+05 -0.813360E+03
  0.114869E+04 -0.736849E+03  0.138482E+06 -0.660231E+04 -0.105627E+05 -0.302675E+03
  0.195478E+05  0.165081E+07 -0.153707E+04  0.180787E+08 -0.203459E+05 -0.558094E+04
 -0.164694E+07  0.317380E+05 -0.375319E+04  0.132298E+06  0.180250E+08  0.617127E+05
 -0.625671E+04 -0.497736E+04 -0.273892E+05 -0.524280E+05  0.669876E+05  0.830684E+04
 2.5088
  0.108499E+06 -0.156713E+04 -0.211870E+03 -0.226882E+04 -0.125972E+07 -0.417075E+04
  0.844889E+03  0.109412E+06  0.227736E+03  0.126998E+07  0.542953E+04 -0.302743E+03
  0.955457E+03 -0.772442E+03 -0.364998E+04 -0.727838E+04 -0.114178E+05 -0.426002E+04
  0.178133E+05  0.123374E+07  0.248224E+04  0.142941E+08 -0.433505E+05 -0.685949E+03
 -0.122586E+07  0.285007E+05  0.155777E+04  0.141344E+06  0.142076E+08  0.466802E+05
 -0.382380E+04 -0.256665E+04  0.123600E+05 -0.304430E+05  0.458529E+05  0.280657E+05
 2.5491
  0.748282E+05 -0.136179E+04  0.115454E+04 -0.406388E+04 -0.937410E+06 -0.317572E+04
  0.879391E+03  0.757692E+05 -0.713345E+03  0.947755E+06  0.118832E+04  0.541984E+03
 -0.822057E+03 -0.165338E+03  0.190526E+06  0.166862E+04  0.483085E+04 -0.134545E+06
  0.157259E+05  0.887547E+06 -0.374101E+04  0.110472E+08 -0.621601E+05  0.637800E+04
 -0.877553E+06  0.237560E+05 -0.919679E+04  0.134116E+06  0.109427E+08  0.357766E+05
 -0.168677E+04 -0.998798E+03 -0.713745E+05 -0.156096E+05  0.248264E+05  0.558178E+05
 2.5894
  0.437462E+05 -0.114946E+04  0.114308E+04 -0.595227E+04 -0.622828E+06 -0.134391E+04
  0.927454E+03  0.448496E+05 -0.653042E+03  0.634340E+06 -0.313176E+04  0.546235E+03
 -0.362076E+03 -0.163008E+03  0.199647E+06  0.720842E+03  0.202705E+04 -0.879336E+05
  0.137527E+05  0.546524E+06 -0.315528E+04  0.770105E+07 -0.839972E+05  0.782504E+04
 -0.532586E+06  0.198723E+05 -0.941939E+04  0.136784E+06  0.756528E+07  0.163087E+05
 -0.547688E+03  0.639406E+03 -0.590937E+05  0.316671E+04  0.120651E+05  0.359524E+05
 2.6297
  0.733375E+04 -0.566469E+03  0.117236E+04 -0.526155E+04 -0.216204E+06  0.687851E+03
  0.922168E+03  0.843089E+04 -0.578955E+03  0.227021E+06 -0.835225E+04  0.209419E+03
 -0.232889E+03 -0.488598E+01  0.184987E+06  0.176265E+04  0.162784E+04 -0.626984E+05
  0.109644E+05  0.958273E+05 -0.267442E+04  0.294461E+07 -0.117007E+06  0.562908E+04
 -0.793834E+05  0.109147E+05 -0.103018E+05  0.106978E+06  0.279070E+07 -0.866584E+04
  0.799878E+03  0.813389E+03 -0.464574E+05  0.115327E+05 -0.510674E+04  0.286814E+05
 2.6700
  0.827695E+05  0.216708E+03  0.113796E+04  0.140891E+05 -0.611850E+06 -0.412228E+04
  0.932475E+02  0.811877E+05 -0.606205E+03  0.598044E+06  0.107855E+05  0.373556E+03
  0.103973E+03 -0.238022E+03  0.169119E+06  0.365179E+02 -0.652419E+03 -0.449427E+05
  0.583891E+04  0.572552E+06 -0.351674E+04  0.421953E+07  0.301437E+05  0.670886E+04
 -0.584957E+06  0.304796E+04 -0.114323E+05 -0.749271E+05  0.432492E+07  0.262750E+05
 -0.460924E+04 -0.780846E+04 -0.360659E+05 -0.545531E+05  0.293798E+05  0.250327E+05
 2.7103
  0.223039E+06 -0.214474E+04  0.139550E+03  0.751409E+04 -0.213933E+07 -0.103883E+05
 -0.474139E+02  0.221851E+06 -0.233041E+03  0.213359E+07  0.310424E+05  0.263976E+04
  0.534216E+03 -0.591394E+03  0.151513E+06 -0.412590E+04 -0.534914E+04 -0.286280E+05
  0.138631E+05  0.234480E+07 -0.303832E+03  0.225872E+08  0.186008E+06  0.341307E+05
 -0.236222E+07  0.371060E+05 -0.905349E+03  0.514264E+05  0.226918E+08  0.109238E+06
 -0.884765E+04 -0.807752E+04 -0.259770E+05 -0.757652E+05  0.797673E+05  0.201809E+05
 2.7506
  0.137835E+06 -0.192271E+04  0.785475E+02 -0.564385E+03 -0.143976E+07 -0.567418E+04
 -0.123359E+02  0.137845E+06  0.177269E+01  0.144266E+07  0.198842E+05  0.175150E+04
  0.628522E+03 -0.480249E+03  0.128163E+06 -0.387858E+04 -0.627302E+04 -0.919612E+04
  0.744889E+04  0.155521E+07  0.168097E+04  0.163163E+08  0.137202E+06  0.290990E+05
 -0.155864E+07  0.290374E+05 -0.306480E+03  0.771807E+05  0.163161E+08  0.624019E+05
 -0.469288E+04 -0.433901E+04 -0.143811E+05 -0.398117E+05  0.434431E+05  0.162937E+05
 2.7909
  0.943208E+05 -0.177550E+04 -0.133299E+03 -0.428027E+04 -0.104740E+07 -0.334909E+04
  0.348094E+03  0.948499E+05  0.193028E+03  0.105382E+07  0.111522E+05  0.108728E+04
  0.115251E+04 -0.543139E+03  0.832688E+05 -0.580886E+04 -0.109970E+05  0.190404E+05
  0.673883E+04  0.112499E+07  0.299027E+04  0.125035E+08  0.883346E+05  0.250590E+05
 -0.112171E+07  0.236852E+05  0.112902E+04  0.789263E+05  0.124538E+08  0.375715E+05
 -0.337560E+04 -0.294813E+04  0.114600E+04 -0.237658E+05  0.296851E+05  0.168435E+05
 2.8312
  0.656731E+05 -0.164770E+04 -0.304717E+03 -0.694532E+04 -0.777153E+06 -0.263255E+04
  0.496027E+03  0.663341E+05  0.320140E+03  0.783905E+06  0.555004E+04  0.838794E+03
  0.976002E+03 -0.847169E+03 -0.296437E+04 -0.818966E+04 -0.104035E+05 -0.328517E+05
  0.526579E+04  0.829221E+06  0.366810E+04  0.975738E+07  0.595213E+05  0.232620E+05
 -0.822986E+06  0.191743E+05  0.265630E+04  0.752846E+05  0.968898E+07  0.261033E+05
 -0.104120E+04 -0.204201E+04  0.238025E+04 -0.155726E+05  0.747972E+04  0.525885E+05
 2.8715
  0.440955E+05 -0.137914E+04  0.714170E+03 -0.802058E+04 -0.559921E+06 -0.171257E+04
  0.637654E+03  0.447213E+05 -0.315534E+03  0.565663E+06  0.121849E+03  0.297752E+03
 -0.195878E+04  0.210414E+03  0.134799E+06  0.695235E+04  0.166031E+05 -0.123463E+06
  0.387237E+04  0.586769E+06 -0.137868E+04  0.738316E+07  0.302251E+05  0.181867E+05
 -0.578805E+06  0.128576E+05 -0.553952E+04  0.545491E+05  0.730658E+07  0.139641E+05
  0.812830E+02 -0.139369E+04 -0.259370E+05 -0.820006E+04 -0.390044E+04  0.473449E+05
 2.9118
  0.225526E+05 -0.113875E+04  0.738480E+03 -0.928617E+04 -0.324065E+06  0.244142E+02
  0.860553E+03  0.231382E+05 -0.233663E+03  0.328610E+06 -0.633586E+04 -0.781097E+03
 -0.140440E+04  0.354234E+03  0.140801E+06  0.710932E+04  0.121552E+05 -0.806381E+05
  0.226964E+04  0.317577E+06 -0.151748E+04  0.457669E+07 -0.768237E+04  0.616334E+04
 -0.307233E+06  0.460569E+04 -0.652219E+04  0.219062E+05  0.448843E+07 -0.732979E+04
  0.304476E+03 -0.131783E+04 -0.106463E+05 -0.346930E+04 -0.761798E+04  0.402231E+05
 2.9521
 -0.730688E+03 -0.135471E+04  0.802430E+03 -0.908991E+04 -0.562625E+04  0.779405E+03
  0.235933E+04 -0.180827E+04 -0.252751E+03 -0.531794E+04 -0.187003E+05 -0.142848E+04
 -0.120178E+04  0.599957E+03  0.129515E+06  0.870852E+04  0.106887E+05 -0.548641E+05
  0.115788E+05 -0.612546E+05 -0.360702E+04  0.319792E+05 -0.110533E+06 -0.763013E+04
  0.583321E+05 -0.523094E+04 -0.895710E+04 -0.614844E+05  0.694677E+05 -0.256301E+05
 -0.693038E+02 -0.295577E+04  0.415405E+04 -0.124887E+05 -0.775978E+04  0.497355E+05
 2.9924
  0.116286E+06 -0.135444E+05 -0.142733E+04 -0.831494E+05 -0.101898E+07 -0.140730E+05
  0.674670E+04  0.109094E+06  0.120049E+04  0.959391E+06 -0.124068E+05  0.867196E+04
 -0.317019E+03  0.363190E+03  0.115476E+06  0.577151E+04  0.253353E+04 -0.340199E+05
  0.492056E+05  0.107478E+07  0.104178E+05  0.946710E+07  0.848248E+05  0.102589E+06
 -0.116057E+07  0.112604E+06  0.150562E+05  0.574779E+06  0.101821E+08  0.140088E+06
 -0.545620E+03 -0.141894E+05  0.212569E+05 -0.124481E+06 -0.190781E+02  0.761424E+05
 3.0327
  0.102680E+06 -0.881383E+04 -0.106951E+04 -0.580055E+05 -0.104004E+07 -0.992928E+04
  0.323047E+04  0.997594E+05  0.156510E+04  0.101920E+07  0.369075E+03  0.796758E+04
  0.200416E+03  0.332585E+03  0.967179E+05  0.417812E+04 -0.289036E+04 -0.108378E+05
 -0.634920E+04  0.114340E+07  0.139148E+05  0.117630E+08  0.463709E+06  0.103250E+06
 -0.118727E+07  0.463424E+05  0.140362E+05  0.979248E+05  0.120999E+08  0.119701E+06
  0.697171E+04 -0.152702E+05  0.436751E+05 -0.148812E+06 -0.657157E+05  0.135713E+06
 3.0730
  0.705036E+05 -0.821019E+04 -0.828348E+03 -0.639868E+05 -0.762949E+06 -0.567855E+04
  0.337041E+04  0.692750E+05  0.194759E+04  0.756281E+06 -0.146626E+05  0.773008E+04
  0.512375E+03 -0.454589E+03  0.602139E+05 -0.416687E+04 -0.512038E+04  0.126518E+05
 -0.345357E+05  0.846610E+06  0.149066E+05  0.934532E+07  0.598143E+06  0.888483E+05
 -0.874067E+06  0.275949E+04  0.119507E+05 -0.196432E+06  0.955350E+07  0.852785E+05
  0.169894E+05 -0.215194E+05  0.729426E+05 -0.219757E+06 -0.157903E+06  0.250196E+06
 3.1133
  0.479958E+05 -0.103060E+05 -0.775154E+03 -0.905070E+05 -0.548761E+06 -0.382141E+04
  0.624655E+04  0.474958E+05  0.254386E+04  0.547614E+06 -0.495086E+05  0.871480E+04
 -0.675385E+04  0.162927E+04 -0.348458E+05  0.257296E+05  0.649685E+05 -0.105728E+06
 -0.430372E+05  0.618765E+06  0.154478E+05  0.725888E+07  0.598727E+06  0.803996E+05
 -0.642700E+06 -0.234602E+05  0.118677E+05 -0.367994E+06  0.745651E+07  0.706834E+05
  0.300442E+05 -0.340010E+05  0.108604E+06 -0.353161E+06 -0.276188E+06  0.394254E+06
 3.1536
  0.260024E+05 -0.146829E+05  0.963302E+03 -0.134183E+06 -0.324270E+06 -0.498892E+03
  0.104915E+05  0.249355E+05  0.454903E+04  0.317664E+06 -0.921808E+05  0.143603E+05
 -0.895128E+04  0.942422E+04  0.429527E+05  0.104805E+06  0.775302E+05 -0.287932E+06
 -0.343877E+05  0.370890E+06  0.206450E+05  0.482684E+07  0.475474E+06  0.947712E+05
 -0.403528E+06 -0.184662E+05  0.186695E+04 -0.278845E+06  0.510986E+07  0.499066E+05
  0.494000E+05 -0.526176E+05  0.248075E+06 -0.547266E+06 -0.454589E+06  0.711859E+06
 3.1939
 -0.752217E+04 -0.211979E+05  0.627888E+03 -0.189019E+06  0.282034E+05  0.490757E+03
  0.154331E+05 -0.995251E+04  0.596423E+04 -0.463653E+05 -0.132182E+06  0.237343E+05
 -0.140104E+04  0.527746E+04  0.959472E+05  0.549398E+05  0.675179E+04 -0.146584E+06
 -0.211423E+04 -0.486917E+05  0.323252E+05  0.553758E+06  0.220643E+06  0.158086E+06
 -0.170340E+04  0.333724E+05  0.843543E+04  0.158202E+06  0.984256E+06  0.506114E+05
  0.619095E+05 -0.735918E+05  0.324905E+06 -0.747328E+06 -0.563337E+06  0.112138E+07
 3.2342
 -0.650246E+05 -0.339541E+05 -0.410062E+03 -0.291321E+06  0.666425E+06 -0.842454E+04
  0.227600E+05 -0.687672E+05  0.698513E+04 -0.695107E+06 -0.180728E+06  0.349144E+05
  0.765809E+03  0.317236E+04  0.956800E+05  0.330488E+05 -0.111013E+05 -0.767577E+05
  0.506949E+05 -0.901067E+06  0.517721E+05 -0.856522E+07 -0.115601E+05  0.304653E+06
  0.816541E+06  0.158037E+06  0.247410E+05  0.108987E+07 -0.784750E+07  0.158788E+06
  0.658276E+05 -0.905104E+05  0.324805E+06 -0.895917E+06 -0.605331E+06  0.127356E+07
 3.2745
  0.941793E+05 -0.163079E+04  0.352275E+04 -0.221197E+05 -0.863970E+06 -0.622966E+04
  0.504616E+04  0.110015E+06  0.294239E+04  0.101995E+07 -0.531094E+05  0.145255E+05
  0.274711E+04  0.139898E+04  0.778343E+05  0.159530E+05 -0.302315E+05 -0.581725E+05
 -0.157592E+06  0.111601E+07  0.157491E+05  0.104117E+08  0.163559E+07  0.111391E+06
 -0.968306E+06 -0.194630E+06 -0.234306E+05 -0.195394E+07  0.894397E+07  0.160230E+06
  0.367036E+05 -0.801114E+05  0.286103E+06 -0.812657E+06 -0.340471E+06  0.120137E+07
 3.3148
  0.882467E+05 -0.548715E+04  0.271446E+04 -0.643571E+05 -0.898011E+06  0.860698E+03
  0.830234E+04  0.949574E+05  0.199220E+04  0.963637E+06 -0.912590E+05  0.749502E+04
  0.114413E+04  0.126293E+04  0.431349E+05  0.153683E+05 -0.144641E+05 -0.741985E+05
 -0.557612E+05  0.120537E+07  0.618100E+04  0.123424E+08  0.488366E+06  0.270531E+05
 -0.114626E+07 -0.909668E+05 -0.212896E+05 -0.819785E+06  0.117582E+08  0.379141E+05
  0.258174E+05 -0.424310E+05  0.255525E+06 -0.425424E+06 -0.235405E+06  0.105786E+07
 3.3552
  0.534614E+05 -0.892069E+04  0.209113E+04 -0.925156E+05 -0.575388E+06 -0.358712E+03
  0.101731E+05  0.577193E+05  0.246068E+04  0.617642E+06 -0.104335E+06  0.829748E+04
  0.771755E+03  0.218174E+04 -0.368053E+05  0.268454E+05 -0.123205E+05 -0.146190E+06
 -0.666537E+04  0.820061E+06  0.105389E+05  0.880262E+07  0.407597E+05  0.445073E+05
 -0.788498E+06 -0.228562E+05 -0.130014E+05 -0.193637E+06  0.848655E+07  0.324885E+05
  0.287658E+05 -0.312219E+05  0.273459E+06 -0.310149E+06 -0.266966E+06  0.959638E+06
 3.3955
  0.262296E+05 -0.104105E+05  0.289722E+04 -0.101833E+06 -0.308441E+06 -0.951286E+03
  0.110578E+05  0.296740E+05  0.109967E+04  0.343832E+06 -0.107421E+06  0.745157E+04
  0.472070E+04 -0.646517E+03  0.363625E+05 -0.434581E+04 -0.533469E+05 -0.110440E+06
  0.155719E+05  0.486907E+06  0.135232E+04  0.557092E+07 -0.127507E+06  0.473868E+05
 -0.463296E+06  0.677541E+04 -0.166956E+05  0.472736E+05  0.532559E+07  0.338626E+05
  0.270528E+05 -0.216539E+05  0.212399E+06 -0.214985E+06 -0.252941E+06  0.831415E+06
 3.4358
 -0.410954E+04 -0.110374E+05  0.176539E+04 -0.103347E+06 -0.159717E+04 -0.383673E+04
  0.111950E+05 -0.713886E+03  0.283798E+03  0.376286E+05 -0.104114E+06  0.663468E+04
  0.249049E+04 -0.103841E+04  0.123033E+06 -0.107113E+05 -0.267029E+05 -0.265091E+04
  0.192023E+05  0.842753E+05 -0.702356E+02  0.156556E+07 -0.115079E+06  0.540043E+05
 -0.611149E+05  0.182173E+05 -0.103843E+05  0.113348E+06  0.131350E+07  0.559543E+05
  0.296051E+05 -0.176943E+05  0.103730E+06 -0.178558E+06 -0.284431E+06  0.624532E+06
 3.4761
 -0.473720E+05 -0.972318E+04  0.147270E+04 -0.861610E+05  0.456904E+06 -0.848073E+04
  0.900460E+04 -0.426510E+05  0.394737E+03 -0.406185E+06 -0.777549E+05  0.642823E+04
  0.167348E+04 -0.516395E+03  0.102886E+06 -0.445703E+04 -0.177465E+05 -0.746267E+04
 -0.198566E+05 -0.547911E+06  0.250976E+04 -0.497608E+07  0.330503E+06  0.612136E+05
  0.584138E+06 -0.815463E+04 -0.938348E+04 -0.197973E+06 -0.537635E+07  0.109923E+06
  0.339162E+05 -0.227285E+05  0.912690E+05 -0.233483E+06 -0.332065E+06  0.525432E+06
 3.5164
  0.826516E+05 -0.215079E+04  0.162212E+04 -0.574695E+04 -0.752311E+06 -0.487601E+04
  0.656328E+04  0.859075E+05 -0.367048E+03  0.788546E+06 -0.484093E+05 -0.128113E+04
  0.157312E+04 -0.134689E+04  0.784148E+05 -0.116889E+05 -0.168624E+05 -0.186032E+05
 -0.220116E+05  0.925100E+06 -0.658784E+04  0.851406E+07  0.466456E+06 -0.317504E+05
 -0.900205E+06 -0.742657E+05 -0.137464E+05 -0.968308E+06  0.823619E+07  0.739753E+05
  0.206806E+05 -0.102924E+05  0.868958E+05 -0.131032E+06 -0.214567E+06  0.441554E+06
 3.5567
  0.984008E+05 -0.918630E+04  0.113828E+04 -0.818050E+05 -0.975018E+06  0.106794E+04
  0.122964E+05  0.978557E+05 -0.328169E+03  0.972530E+06 -0.112850E+06  0.698163E+03
  0.105545E+04 -0.637578E+03  0.457971E+05 -0.514822E+04 -0.123204E+05 -0.327914E+05
  0.103065E+06  0.126976E+07 -0.716077E+04  0.126683E+08 -0.898684E+06 -0.515693E+04
 -0.127805E+07  0.662985E+05 -0.874500E+04  0.528228E+06  0.127350E+08 -0.984952E+04
  0.111313E+05  0.774727E+04  0.878571E+05  0.525751E+05 -0.117872E+06  0.361763E+06
 3.5970
  0.627667E+05 -0.671613E+04  0.114201E+04 -0.587919E+05 -0.647642E+06  0.601516E+03
  0.909174E+04  0.620882E+05 -0.276306E+03  0.643706E+06 -0.822669E+05  0.158550E+04
  0.929011E+03  0.978102E+03 -0.832128E+04  0.100257E+05 -0.125266E+05 -0.440018E+05
  0.672536E+05  0.858272E+06 -0.663592E+04  0.892651E+07 -0.578264E+06  0.159830E+05
 -0.866712E+06  0.414311E+05 -0.751412E+04  0.317982E+06  0.899089E+07 -0.816788E+04
  0.101958E+05  0.535422E+04  0.885753E+05  0.407261E+05 -0.107734E+06  0.272692E+06
 3.6373
  0.355532E+05 -0.357877E+04  0.146327E+04 -0.290920E+05 -0.384941E+06 -0.887071E+03
  0.548174E+04  0.356936E+05 -0.133803E+04  0.388310E+06 -0.476673E+05  0.109740E+04
  0.135658E+04 -0.240117E+04  0.597711E+05 -0.222175E+05 -0.159319E+05  0.877241E+04
  0.250449E+05  0.505567E+06 -0.118025E+05  0.555766E+07 -0.179866E+06  0.251233E+05
 -0.506881E+06  0.480660E+04 -0.124519E+05 -0.189560E+05  0.555244E+07  0.854201E+04
  0.945766E+04 -0.331371E+03  0.467335E+04 -0.913930E+03 -0.100579E+06  0.139867E+06
 3.6776
  0.815626E+04 -0.515075E+03  0.879110E+03  0.749297E+03 -0.111325E+06 -0.265891E+04
  0.214773E+04  0.913492E+04 -0.890661E+03  0.122612E+06 -0.150934E+05  0.863032E+03
  0.616107E+03 -0.235058E+04  0.987916E+05 -0.224982E+05 -0.713868E+04 -0.131792E+05
 -0.206019E+05  0.116938E+06 -0.639133E+04  0.173844E+07  0.268011E+06  0.304602E+05
 -0.110689E+06 -0.382707E+05 -0.895522E+04 -0.436542E+06  0.165491E+07  0.317235E+05
  0.855090E+04 -0.865674E+04 -0.216699E+05 -0.731967E+05 -0.909137E+05  0.445052E+05
 3.7179
 -0.117022E+05 -0.183083E+04  0.838550E+03 -0.101317E+05  0.110508E+06 -0.766484E+03
  0.368004E+04 -0.115465E+05 -0.695576E+03 -0.107309E+06 -0.283203E+05  0.791166E+03
  0.153276E+04 -0.124683E+04  0.781826E+05 -0.113009E+05 -0.159157E+05 -0.392305E+05
 -0.210903E+05 -0.267227E+06 -0.707143E+04 -0.233471E+07  0.314211E+06  0.273800E+05
  0.258207E+06 -0.399280E+05 -0.984296E+04 -0.496339E+06 -0.228032E+07  0.131972E+05
  0.137849E+05 -0.215635E+05  0.182903E+04 -0.194896E+06 -0.139884E+06  0.149194E+06
 3.7582
  0.851341E+05 -0.703493E+02  0.878208E+03 -0.481638E+04 -0.809324E+06 -0.772724E+02
  0.374978E+04  0.870119E+05 -0.611080E+03  0.824681E+06 -0.413130E+05  0.725662E+03
  0.274883E+04 -0.199032E+04  0.565013E+05 -0.180278E+05 -0.282758E+05 -0.308401E+05
  0.341673E+05  0.100270E+07 -0.115523E+05  0.952734E+07 -0.358778E+06  0.149190E+05
 -0.988305E+06 -0.144050E+05 -0.931865E+04 -0.124632E+06  0.941606E+07  0.130921E+05
  0.408532E+04 -0.121121E+05  0.611035E+05 -0.116232E+06 -0.446845E+05  0.417890E+06
 3.7985
  0.743605E+05  0.106347E+04  0.111639E+04  0.118284E+05 -0.740581E+06 -0.854249E+03
  0.152404E+04  0.763291E+05 -0.105457E+03  0.758978E+06 -0.135751E+05  0.345484E+03
  0.187361E+04 -0.191576E+04  0.214408E+05 -0.171355E+05 -0.204210E+05 -0.349154E+05
  0.549200E+04  0.101298E+07 -0.698768E+04  0.100789E+08 -0.297268E+05  0.363092E+04
 -0.992401E+06 -0.273281E+05 -0.106945E+05 -0.298417E+06  0.988455E+07  0.207558E+05
  0.434862E+04 -0.259344E+04  0.911841E+05 -0.249549E+05 -0.400657E+05  0.448782E+06
 3.8388
  0.455052E+05 -0.241248E+04  0.168268E+04 -0.168512E+05 -0.470126E+06 -0.108014E+04
  0.483044E+04  0.469010E+05 -0.176840E+03  0.484827E+06 -0.407748E+05  0.165431E+04
  0.257644E+04 -0.232886E+04 -0.265605E+05 -0.210272E+05 -0.279524E+05 -0.530135E+05
  0.354250E+05  0.665401E+06 -0.835893E+04  0.687401E+07 -0.269895E+06  0.158606E+05
 -0.655257E+06  0.591642E+04 -0.132913E+05 -0.251621E+05  0.676220E+07  0.188721E+05
  0.109830E+05 -0.764573E+03  0.108727E+06 -0.119175E+05 -0.104412E+06  0.404224E+06
 3.8791
  0.179920E+05 -0.480470E+04  0.156209E+04 -0.378302E+05 -0.203600E+06 -0.147296E+04
  0.718940E+04  0.187860E+05 -0.122951E+04  0.213557E+06 -0.615946E+05  0.250021E+04
  0.325453E+04 -0.257366E+04  0.727056E+05 -0.251682E+05 -0.327771E+05 -0.123199E+05
  0.520933E+05  0.293037E+06 -0.149484E+05  0.331761E+07 -0.414190E+06  0.275440E+05
 -0.289865E+06  0.225000E+05 -0.153281E+05  0.119383E+06  0.326648E+07  0.181722E+05
  0.132681E+05  0.890255E+03  0.344812E+05  0.198813E+04 -0.132769E+06  0.309000E+06
 3.9194
 -0.160557E+05 -0.483562E+04  0.122391E+04 -0.384336E+05  0.134136E+06 -0.280505E+04
  0.750726E+04 -0.150539E+05 -0.120796E+04 -0.121490E+06 -0.646176E+05  0.331676E+04
  0.246476E+04 -0.231523E+04  0.817416E+05 -0.216880E+05 -0.246842E+05 -0.693954E+04
  0.374727E+05 -0.193888E+06 -0.134477E+05 -0.144782E+07 -0.275156E+06  0.424284E+05
  0.199542E+06  0.439313E+04 -0.139110E+05 -0.499449E+05 -0.153064E+07  0.317850E+05
  0.143176E+05 -0.419950E+04  0.174216E+05 -0.421293E+05 -0.148667E+06  0.231088E+06
 3.9597
  0.115064E+05  0.149941E+04  0.153935E+04  0.203587E+05 -0.918132E+05 -0.304037E+04
  0.519314E+04  0.124493E+05 -0.147098E+04  0.104467E+06 -0.441630E+05  0.218324E+04
  0.324955E+04 -0.304243E+04  0.610132E+05 -0.282762E+05 -0.324922E+05 -0.139165E+05
  0.107980E+05  0.584765E+05 -0.168227E+05  0.473267E+06 -0.114308E+05  0.374122E+05
 -0.567633E+05 -0.735361E+05 -0.196345E+05 -0.800627E+06  0.415318E+06  0.371817E+05
  0.101632E+05 -0.135251E+05  0.869004E+04 -0.128237E+06 -0.111459E+06  0.136795E+06
 4.0000
  0.788327E+05  0.251004E+04  0.103192E+04  0.238692E+05 -0.758110E+06 -0.197387E+04
  0.214278E+04  0.788307E+05 -0.135102E+04  0.758736E+06 -0.217466E+05 -0.293833E+03
  0.324282E+04 -0.290040E+04  0.318089E+05 -0.268010E+05 -0.335631E+05 -0.168067E+05
  0.287377E+05  0.100100E+07 -0.173468E+05  0.968002E+07 -0.271529E+06  0.135407E+05
 -0.100278E+07 -0.339704E+05 -0.142528E+05 -0.345435E+06  0.969041E+07  0.188993E+05
  0.625553E+04 -0.264367E+04 -0.856804E+04 -0.208142E+05 -0.744875E+05  0.344429E+05
