Nb de frequency :   100
 0.0100
  0.163978E+08  0.343338E+04  0.679178E+03  0.581025E+06 -0.134176E+09 -0.414820E+05
 -0.430046E+04  0.163933E+08 -0.212748E+04  0.134065E+09  0.590067E+06 -0.124324E+05
  0.869719E+03 -0.231497E+04  0.115912E+08 -0.313248E+05 -0.989294E+04 -0.597965E+06
  0.520696E+06  0.133825E+09 -0.292902E+05  0.109748E+10  0.303003E+06 -0.567855E+05
 -0.133943E+09  0.529278E+06 -0.817680E+04 -0.177958E+06  0.109887E+10  0.159233E+06
 -0.395689E+05 -0.168191E+05 -0.633017E+06 -0.102598E+06  0.143657E+06  0.276510E+07
 0.0503
  0.164366E+08  0.350294E+04  0.662789E+03  0.583040E+06 -0.134496E+09 -0.417936E+05
 -0.437344E+04  0.164320E+08 -0.212055E+04  0.134385E+09  0.592109E+06 -0.125316E+05
  0.872984E+03 -0.231647E+04  0.117244E+08 -0.313146E+05 -0.991338E+04 -0.596152E+06
  0.521550E+06  0.134144E+09 -0.291689E+05  0.110012E+10  0.307844E+06 -0.576181E+05
 -0.134262E+09  0.530154E+06 -0.802247E+04 -0.182570E+06  0.110151E+10  0.161800E+06
 -0.398726E+05 -0.169215E+05 -0.632182E+06 -0.103466E+06  0.146182E+06  0.276538E+07
 0.0906
  0.165303E+08  0.367833E+04  0.640766E+03  0.587963E+06 -0.135269E+09 -0.425319E+05
 -0.455335E+04  0.165257E+08 -0.210328E+04  0.135157E+09  0.597080E+06 -0.127446E+05
  0.874008E+03 -0.232360E+04  0.118640E+08 -0.313022E+05 -0.990900E+04 -0.591524E+06
  0.523568E+06  0.134914E+09 -0.289270E+05  0.110647E+10  0.319796E+06 -0.594236E+05
 -0.135033E+09  0.532208E+06 -0.780188E+04 -0.194299E+06  0.110787E+10  0.167896E+06
 -0.405815E+05 -0.171358E+05 -0.628744E+06 -0.105277E+06  0.152049E+06  0.276620E+07
 0.1309
  0.166863E+08  0.397830E+04  0.629461E+03  0.596187E+06 -0.136556E+09 -0.436897E+05
 -0.485940E+04  0.166816E+08 -0.206984E+04  0.136443E+09  0.605359E+06 -0.130950E+05
  0.882289E+03 -0.233535E+04  0.119198E+08 -0.312944E+05 -0.995525E+04 -0.583890E+06
  0.526839E+06  0.136197E+09 -0.284887E+05  0.111705E+10  0.340126E+06 -0.623432E+05
 -0.136317E+09  0.535503E+06 -0.768614E+04 -0.214444E+06  0.111846E+10  0.177396E+06
 -0.417725E+05 -0.175230E+05 -0.621865E+06 -0.108520E+06  0.161834E+06  0.276784E+07
 0.1712
  0.169172E+08  0.444078E+04  0.607730E+03  0.608488E+06 -0.138461E+09 -0.453492E+05
 -0.534331E+04  0.169124E+08 -0.202733E+04  0.138346E+09  0.617907E+06 -0.136307E+05
  0.892266E+03 -0.236409E+04  0.118440E+08 -0.313892E+05 -0.100448E+05 -0.573805E+06
  0.531535E+06  0.138095E+09 -0.279940E+05  0.113270E+10  0.371867E+06 -0.668458E+05
 -0.138217E+09  0.540381E+06 -0.749417E+04 -0.244184E+06  0.113414E+10  0.191031E+06
 -0.434063E+05 -0.181060E+05 -0.612106E+06 -0.113468E+06  0.175298E+06  0.276972E+07
 0.2115
  0.172415E+08  0.507271E+04  0.608133E+03  0.625676E+06 -0.141134E+09 -0.477132E+05
 -0.601455E+04  0.172365E+08 -0.198315E+04  0.141016E+09  0.635407E+06 -0.143272E+05
  0.912547E+03 -0.238806E+04  0.116220E+08 -0.314988E+05 -0.101855E+05 -0.562961E+06
  0.538074E+06  0.140758E+09 -0.275017E+05  0.115465E+10  0.416282E+06 -0.726690E+05
 -0.140883E+09  0.547224E+06 -0.753108E+04 -0.286272E+06  0.115612E+10  0.210558E+06
 -0.457233E+05 -0.188711E+05 -0.600392E+06 -0.119894E+06  0.194470E+06  0.277187E+07
 0.2518
  0.176789E+08  0.597928E+04  0.608869E+03  0.649209E+06 -0.144739E+09 -0.508597E+05
 -0.697470E+04  0.176737E+08 -0.195126E+04  0.144618E+09  0.659439E+06 -0.153358E+05
  0.936195E+03 -0.242559E+04  0.112661E+08 -0.316858E+05 -0.103974E+05 -0.553401E+06
  0.546521E+06  0.144351E+09 -0.271711E+05  0.118425E+10  0.479116E+06 -0.811212E+05
 -0.144480E+09  0.556093E+06 -0.757562E+04 -0.345340E+06  0.118576E+10  0.236595E+06
 -0.487972E+05 -0.199246E+05 -0.589222E+06 -0.128805E+06  0.220028E+06  0.277382E+07
 0.2921
  0.182498E+08  0.726483E+04  0.647164E+03  0.680718E+06 -0.149444E+09 -0.549629E+05
 -0.831033E+04  0.182443E+08 -0.193990E+04  0.149319E+09  0.691402E+06 -0.165439E+05
  0.967820E+03 -0.248976E+04  0.108107E+08 -0.321582E+05 -0.106749E+05 -0.547209E+06
  0.556689E+06  0.149041E+09 -0.271063E+05  0.122288E+10  0.567474E+06 -0.912544E+05
 -0.149174E+09  0.566641E+06 -0.800238E+04 -0.430519E+06  0.122446E+10  0.270344E+06
 -0.528557E+05 -0.212085E+05 -0.580873E+06 -0.139597E+06  0.253504E+06  0.277813E+07
 0.3324
  0.189661E+08  0.907492E+04  0.702711E+03  0.721814E+06 -0.155349E+09 -0.602423E+05
 -0.101977E+05  0.189602E+08 -0.197069E+04  0.155218E+09  0.733202E+06 -0.180999E+05
  0.101468E+04 -0.258228E+04  0.103009E+08 -0.330045E+05 -0.111166E+05 -0.547044E+06
  0.567693E+06  0.154925E+09 -0.275384E+05  0.127138E+10  0.692559E+06 -0.104280E+06
 -0.155065E+09  0.578221E+06 -0.858406E+04 -0.550448E+06  0.127303E+10  0.313810E+06
 -0.580718E+05 -0.229071E+05 -0.578302E+06 -0.153884E+06  0.296539E+06  0.278281E+07
 0.3727
  0.198229E+08  0.115520E+05  0.784252E+03  0.773500E+06 -0.162418E+09 -0.669606E+05
 -0.127760E+05  0.198165E+08 -0.206505E+04  0.162279E+09  0.785814E+06 -0.200984E+05
  0.107192E+04 -0.269686E+04  0.978427E+07 -0.340950E+05 -0.116637E+05 -0.554891E+06
  0.578114E+06  0.161969E+09 -0.286144E+05  0.132946E+10  0.864405E+06 -0.121030E+06
 -0.162116E+09  0.589416E+06 -0.941089E+04 -0.715530E+06  0.133120E+10  0.369152E+06
 -0.647178E+05 -0.250568E+05 -0.583602E+06 -0.171977E+06  0.351437E+06  0.278796E+07
 0.4130
  0.207813E+08  0.147984E+05  0.898809E+03  0.835279E+06 -0.170334E+09 -0.752308E+05
 -0.161439E+05  0.207744E+08 -0.223808E+04  0.170188E+09  0.848702E+06 -0.225852E+05
  0.113916E+04 -0.282923E+04  0.930383E+07 -0.354794E+05 -0.123043E+05 -0.571815E+06
  0.585681E+06  0.169856E+09 -0.304522E+05  0.139459E+10  0.109056E+07 -0.141924E+06
 -0.170012E+09  0.597947E+06 -0.105159E+05 -0.933219E+06  0.139642E+10  0.437322E+06
 -0.729221E+05 -0.277165E+05 -0.598084E+06 -0.194381E+06  0.419273E+06  0.279345E+07
 0.4533
  0.217470E+08  0.186600E+05  0.104020E+04  0.902613E+06 -0.178329E+09 -0.848774E+05
 -0.201585E+05  0.217395E+08 -0.250503E+04  0.178174E+09  0.917452E+06 -0.255263E+05
  0.121771E+04 -0.297641E+04  0.889418E+07 -0.370752E+05 -0.130456E+05 -0.597951E+06
  0.588150E+06  0.177820E+09 -0.331932E+05  0.146050E+10  0.136319E+07 -0.166631E+06
 -0.177983E+09  0.601626E+06 -0.118216E+05 -0.119480E+07  0.146242E+10  0.516901E+06
 -0.825024E+05 -0.309017E+05 -0.622221E+06 -0.221243E+06  0.498562E+06  0.279886E+07
 0.4936
  0.225481E+08  0.223671E+05  0.122244E+04  0.963176E+06 -0.184996E+09 -0.951302E+05
 -0.239943E+05  0.225403E+08 -0.285826E+04  0.184836E+09  0.979248E+06 -0.287777E+05
  0.129798E+04 -0.313446E+04  0.857788E+07 -0.388243E+05 -0.137903E+05 -0.632362E+06
  0.586037E+06  0.184457E+09 -0.366735E+05  0.151572E+10  0.162839E+07 -0.193953E+06
 -0.184626E+09  0.600556E+06 -0.134298E+05 -0.145021E+07  0.151770E+10  0.601512E+06
 -0.928210E+05 -0.344868E+05 -0.655153E+06 -0.251478E+06  0.583963E+06  0.280501E+07
 0.5339
  0.229304E+08  0.240001E+05  0.143318E+04  0.992425E+06 -0.188245E+09 -0.104612E+06
 -0.256707E+05  0.229226E+08 -0.328347E+04  0.188087E+09  0.100897E+07 -0.319652E+05
  0.135527E+04 -0.324736E+04  0.836537E+07 -0.402142E+05 -0.142795E+05 -0.673407E+06
  0.586429E+06  0.187686E+09 -0.407522E+05  0.154315E+10  0.175534E+07 -0.220837E+06
 -0.187854E+09  0.601391E+06 -0.152369E+05 -0.157269E+07  0.154513E+10  0.680010E+06
 -0.102443E+06 -0.380131E+05 -0.695285E+06 -0.281305E+06  0.663873E+06  0.281120E+07
 0.5742
  0.225975E+08  0.205662E+05  0.161262E+04  0.955271E+06 -0.185636E+09 -0.110919E+06
 -0.221731E+05  0.225906E+08 -0.370434E+04  0.185488E+09  0.971388E+06 -0.346941E+05
  0.136665E+04 -0.325870E+04  0.825480E+07 -0.407230E+05 -0.143518E+05 -0.719021E+06
  0.603794E+06  0.185075E+09 -0.447761E+05  0.152277E+10  0.153960E+07 -0.243983E+06
 -0.185232E+09  0.618382E+06 -0.166938E+05 -0.135910E+07  0.152463E+10  0.732890E+06
 -0.108942E+06 -0.409241E+05 -0.740233E+06 -0.306174E+06  0.718669E+06  0.281490E+07
 0.6145
  0.213322E+08  0.940270E+04  0.176455E+04  0.821844E+06 -0.175364E+09 -0.111100E+06
 -0.107409E+05  0.213272E+08 -0.402132E+04  0.175240E+09  0.835828E+06 -0.360953E+05
  0.133335E+04 -0.316918E+04  0.823598E+07 -0.403347E+05 -0.140194E+05 -0.765483E+06
  0.653084E+06  0.174827E+09 -0.478462E+05  0.143966E+10  0.792770E+06 -0.256154E+06
 -0.174961E+09  0.665760E+06 -0.178514E+05 -0.627007E+06  0.144127E+10  0.735526E+06
 -0.109502E+06 -0.424391E+05 -0.786898E+06 -0.319496E+06  0.724628E+06  0.281852E+07
 0.6548
  0.191418E+08 -0.942480E+04  0.185030E+04  0.592472E+06 -0.157463E+09 -0.103538E+06
  0.854788E+04  0.191392E+08 -0.415015E+04  0.157369E+09  0.602497E+06 -0.355813E+05
  0.122178E+04 -0.292383E+04  0.829252E+07 -0.385421E+05 -0.129243E+05 -0.810594E+06
  0.734154E+06  0.156974E+09 -0.492458E+05  0.129387E+10 -0.487261E+06 -0.252384E+06
 -0.157077E+09  0.743406E+06 -0.184214E+05  0.624063E+06  0.129514E+10  0.674879E+06
 -0.102317E+06 -0.417007E+05 -0.832074E+06 -0.314060E+06  0.667201E+06  0.281988E+07
 0.6952
  0.163130E+08 -0.315751E+05  0.184363E+04  0.312176E+06 -0.134265E+09 -0.881690E+05
  0.312170E+05  0.163127E+08 -0.405353E+04  0.134202E+09  0.317727E+06 -0.330619E+05
  0.107509E+04 -0.257678E+04  0.840293E+07 -0.358029E+05 -0.115478E+05 -0.850954E+06
  0.820741E+06  0.133841E+09 -0.486307E+05  0.110429E+10 -0.200639E+07 -0.231946E+06
 -0.133913E+09  0.826067E+06 -0.181219E+05  0.211003E+07  0.110519E+10  0.550038E+06
 -0.872519E+05 -0.387677E+05 -0.873141E+06 -0.290410E+06  0.544856E+06  0.281899E+07
 0.7355
  0.132937E+08 -0.509186E+05  0.178900E+04  0.467752E+05 -0.109440E+09 -0.672890E+05
  0.510637E+05  0.132948E+08 -0.375466E+04  0.109401E+09  0.477841E+05 -0.287451E+05
  0.896492E+03 -0.215750E+04  0.854720E+07 -0.323381E+05 -0.980573E+04 -0.884722E+06
  0.877442E+06  0.109085E+09 -0.461860E+05  0.900852E+09 -0.334835E+07 -0.196530E+06
 -0.109132E+09  0.878912E+06 -0.174202E+05  0.341752E+07  0.901457E+09  0.379700E+06
 -0.666187E+05 -0.337871E+05 -0.907411E+06 -0.249623E+06  0.376433E+06  0.281654E+07
 0.7758
  0.104914E+08 -0.632192E+05  0.168135E+04 -0.154641E+06 -0.863419E+08 -0.438671E+05
  0.637072E+05  0.104927E+08 -0.333869E+04  0.863153E+08 -0.156835E+06 -0.233834E+05
  0.732461E+03 -0.175168E+04  0.870487E+07 -0.288630E+05 -0.824031E+04 -0.910042E+06
  0.882653E+06  0.860480E+08 -0.426500E+05  0.711074E+09 -0.421664E+07 -0.152402E+06
 -0.860829E+08  0.881456E+06 -0.162350E+05  0.426140E+07  0.711488E+09  0.188128E+06
 -0.432007E+05 -0.277778E+05 -0.933561E+06 -0.200268E+06  0.184676E+06  0.281147E+07
 0.8161
  0.814873E+07 -0.676941E+05  0.156791E+04 -0.276726E+06 -0.669787E+08 -0.206715E+05
  0.683615E+05  0.814939E+07 -0.288812E+04  0.669544E+08 -0.280873E+06 -0.175045E+05
  0.583723E+03 -0.136906E+04  0.886094E+07 -0.254635E+05 -0.674150E+04 -0.926526E+06
  0.837936E+06  0.667344E+08 -0.386926E+05  0.551522E+09 -0.455229E+07 -0.103948E+06
 -0.667666E+08  0.835311E+06 -0.150276E+05  0.458162E+07  0.551850E+09 -0.189925E+04
 -0.199433E+05 -0.212103E+05 -0.950428E+06 -0.146131E+06 -0.611286E+04  0.280433E+07
 0.8564
  0.633949E+07 -0.659419E+05  0.145748E+04 -0.329802E+06 -0.519737E+08  0.726684E+03
  0.666594E+05  0.633899E+07 -0.245574E+04  0.519448E+08 -0.334736E+06 -0.116023E+05
  0.468379E+03 -0.106201E+04  0.900280E+07 -0.226987E+05 -0.559697E+04 -0.933376E+06
  0.759170E+06  0.517673E+08 -0.348072E+05  0.427456E+09 -0.446092E+07 -0.552142E+05
 -0.518039E+08  0.756133E+06 -0.138620E+05  0.448400E+07  0.427779E+09 -0.177767E+06
  0.166556E+04 -0.148077E+05 -0.958081E+06 -0.933091E+05 -0.184068E+06  0.279650E+07
 0.8967
  0.502976E+07 -0.602944E+05  0.134516E+04 -0.333815E+06 -0.410611E+08  0.193981E+05
  0.609441E+05  0.502796E+07 -0.208694E+04  0.410240E+08 -0.338584E+06 -0.599987E+04
  0.385057E+03 -0.778564E+03  0.912310E+07 -0.200264E+05 -0.474759E+04 -0.932217E+06
  0.664398E+06  0.408837E+08 -0.313691E+05  0.336820E+09 -0.409833E+07 -0.898472E+04
 -0.409282E+08  0.661872E+06 -0.127286E+05  0.412251E+07  0.337187E+09 -0.331204E+06
  0.206075E+05 -0.873940E+04 -0.956802E+06 -0.432187E+05 -0.339993E+06  0.278521E+07
 0.9370
  0.413884E+07 -0.526961E+05  0.125312E+04 -0.307509E+06 -0.335874E+08  0.353078E+05
  0.532400E+05  0.413585E+07 -0.176734E+04  0.335413E+08 -0.311753E+06 -0.669031E+03
  0.308863E+03 -0.553562E+03  0.921736E+07 -0.178658E+05 -0.400486E+04 -0.922459E+06
  0.567132E+06  0.334313E+08 -0.283106E+05  0.274345E+09 -0.359769E+07  0.351434E+05
 -0.334847E+08  0.565391E+06 -0.118409E+05  0.362546E+07  0.274777E+09 -0.462599E+06
  0.367895E+05 -0.304575E+04 -0.947396E+06  0.396973E+04 -0.474041E+06  0.277512E+07
 0.9773
  0.357668E+07 -0.445493E+05  0.114286E+04 -0.265427E+06 -0.288181E+08  0.485255E+05
  0.449517E+05  0.357270E+07 -0.149764E+04  0.287634E+08 -0.268738E+06  0.416239E+04
  0.250629E+03 -0.346865E+03  0.928327E+07 -0.158405E+05 -0.356856E+04 -0.906099E+06
  0.476319E+06  0.286798E+08 -0.256468E+05  0.234072E+09 -0.305686E+07  0.751017E+05
 -0.287416E+08  0.475674E+06 -0.108332E+05  0.309168E+07  0.234577E+09 -0.571908E+06
  0.504182E+05  0.207720E+04 -0.930822E+06  0.463666E+05 -0.586974E+06  0.276245E+07
 1.0176
  0.326300E+07 -0.366558E+05  0.102110E+04 -0.216739E+06 -0.260974E+08  0.593616E+05
  0.368885E+05  0.325831E+07 -0.124790E+04  0.260355E+08 -0.218883E+06  0.868401E+04
  0.208227E+03 -0.882793E+02  0.931864E+07 -0.134106E+05 -0.334438E+04 -0.882952E+06
  0.395525E+06  0.259735E+08 -0.231362E+05  0.210649E+09 -0.252720E+07  0.112647E+06
 -0.260424E+08  0.396223E+06 -0.981031E+04  0.257098E+07  0.211223E+09 -0.661689E+06
  0.615293E+05  0.679408E+04 -0.907217E+06  0.856267E+05 -0.679286E+06  0.274853E+07
 1.0579
  0.313202E+07 -0.293763E+05  0.852358E+03 -0.166773E+06 -0.248861E+08  0.682325E+05
  0.294600E+05  0.312689E+07 -0.924720E+03  0.248186E+08 -0.167847E+06  0.128848E+05
  0.198309E+03  0.303039E+03  0.931108E+07 -0.986644E+04 -0.374825E+04 -0.850306E+06
  0.325899E+06  0.247743E+08 -0.199272E+05  0.199671E+09 -0.203681E+07  0.147788E+06
 -0.248484E+08  0.327804E+06 -0.845304E+04  0.208902E+07  0.200304E+09 -0.735746E+06
  0.706244E+05  0.108870E+05 -0.873524E+06  0.119927E+06 -0.755500E+06  0.273340E+07
 1.0982
  0.313181E+07 -0.229154E+05  0.219822E+03 -0.119009E+06 -0.247577E+08  0.754209E+05
  0.228584E+05  0.312650E+07  0.483188E+02  0.246865E+08 -0.118976E+06  0.165728E+05
  0.343373E+03  0.160925E+04  0.912799E+07  0.176322E+04 -0.751303E+04 -0.780078E+06
  0.267689E+06  0.246583E+08 -0.106346E+05  0.197655E+09 -0.160223E+07  0.178796E+06
 -0.247360E+08  0.270740E+06 -0.332575E+04  0.166341E+07  0.198335E+09 -0.795770E+06
  0.779562E+05  0.135166E+05 -0.779928E+06  0.142009E+06 -0.816361E+06  0.269881E+07
 1.1385
  0.322350E+07 -0.173136E+05  0.180046E+04 -0.749496E+05 -0.253929E+08  0.806650E+05
  0.171055E+05  0.321822E+07 -0.281749E+04  0.253196E+08 -0.737439E+05  0.207772E+05
 -0.350781E+01 -0.463402E+04  0.960879E+07 -0.522177E+05  0.114581E+04 -0.884237E+06
  0.219497E+06  0.253056E+08 -0.382607E+05  0.201976E+09 -0.122264E+07  0.215200E+06
 -0.253851E+08  0.223710E+06 -0.180980E+05  0.129295E+07  0.202691E+09 -0.839962E+06
  0.836680E+05  0.231060E+05 -0.819146E+06  0.223864E+06 -0.865351E+06  0.273591E+07
 1.1788
  0.337793E+07 -0.124327E+05  0.125223E+04 -0.346158E+05 -0.265508E+08  0.853141E+05
  0.121079E+05  0.337289E+07 -0.167877E+04  0.264770E+08 -0.323837E+05  0.240533E+05
 -0.278867E+02 -0.166388E+04  0.948176E+07 -0.267587E+05 -0.108688E+03 -0.815760E+06
  0.179648E+06  0.264761E+08 -0.269867E+05  0.210652E+09 -0.892257E+06  0.243256E+06
 -0.265559E+08  0.184840E+06 -0.126938E+05  0.971432E+06  0.211389E+09 -0.879683E+06
  0.883680E+05  0.241581E+05 -0.821191E+06  0.233585E+06 -0.906322E+06  0.271553E+07
 1.2191
  0.357242E+07 -0.819118E+04  0.105253E+04  0.173997E+04 -0.280428E+08  0.888817E+05
  0.777696E+04  0.356776E+07 -0.138680E+04  0.279699E+08  0.491775E+04  0.272313E+05
 -0.329688E+02 -0.119025E+04  0.942862E+07 -0.226999E+05 -0.632312E+03 -0.779216E+06
  0.146897E+06  0.279832E+08 -0.242327E+05  0.222131E+09 -0.608684E+06  0.270622E+06
 -0.280618E+08  0.152831E+06 -0.111020E+05  0.695867E+06  0.222878E+09 -0.910377E+06
  0.919476E+05  0.269695E+05 -0.790156E+06  0.258248E+06 -0.937721E+06  0.270095E+07
 1.2594
  0.379034E+07 -0.440638E+04  0.948038E+03  0.349832E+05 -0.297283E+08  0.917025E+05
  0.388432E+04  0.378623E+07 -0.121672E+04  0.296576E+08  0.393033E+05  0.304281E+05
 -0.260469E+02 -0.100812E+04  0.938686E+07 -0.212602E+05 -0.109553E+04 -0.748603E+06
  0.118600E+06  0.296884E+08 -0.226861E+05  0.235241E+09 -0.356200E+06  0.298454E+06
 -0.297643E+08  0.125427E+06 -0.104451E+05  0.453010E+06  0.235985E+09 -0.935098E+06
  0.946816E+05  0.298374E+05 -0.759788E+06  0.283592E+06 -0.962373E+06  0.268602E+07
 1.2997
  0.401854E+07 -0.626871E+03  0.857470E+03  0.677613E+05 -0.314904E+08  0.942436E+05
  0.449219E+02  0.401522E+07 -0.986214E+03  0.314239E+08  0.731164E+05  0.339464E+05
 -0.302578E+02 -0.914512E+03  0.934752E+07 -0.205952E+05 -0.139078E+04 -0.720106E+06
  0.911409E+05  0.314802E+08 -0.207071E+05  0.248991E+09 -0.111455E+06  0.329095E+06
 -0.315515E+08  0.985062E+05 -0.990001E+04  0.217426E+06  0.249715E+09 -0.957886E+06
  0.968261E+05  0.328586E+05 -0.731149E+06  0.310584E+06 -0.982674E+06  0.267601E+07
 1.3400
  0.424643E+07  0.463252E+04  0.778862E+03  0.110341E+06 -0.332158E+08  0.973191E+05
 -0.521133E+04  0.424452E+07 -0.637249E+03  0.331585E+08  0.116797E+06  0.384791E+05
 -0.262812E+02 -0.879047E+03  0.930906E+07 -0.204010E+05 -0.174500E+04 -0.693851E+06
  0.516717E+05  0.332660E+08 -0.177331E+05  0.262393E+09  0.217852E+06  0.368346E+06
 -0.333273E+08  0.591204E+05 -0.944847E+04 -0.101454E+06  0.263055E+09 -0.985709E+06
  0.986756E+05  0.359486E+05 -0.704010E+06  0.338845E+06 -0.100170E+07  0.266585E+07
 1.3803
  0.450509E+07  0.221275E+05  0.621586E+03  0.246049E+06 -0.350238E+08  0.103460E+06
 -0.222541E+05  0.450835E+07  0.295451E+03  0.350066E+08  0.252460E+06  0.478832E+05
 -0.226328E+02 -0.862469E+03  0.927122E+07 -0.203925E+05 -0.204462E+04 -0.669708E+06
 -0.871508E+05  0.353040E+08 -0.971253E+04  0.276400E+09  0.132666E+07  0.449803E+06
 -0.353229E+08 -0.831220E+05 -0.821663E+04 -0.120707E+07  0.276734E+09 -0.104048E+07
  0.998409E+05  0.390824E+05 -0.678447E+06  0.370932E+06 -0.102005E+07  0.265456E+07
 1.4206
  0.768073E+07  0.269998E+05  0.326808E+04  0.445729E+06 -0.605336E+08  0.693461E+05
 -0.297550E+05  0.768524E+07 -0.369792E+04  0.605382E+08  0.483038E+06  0.637459E+05
  0.669141E+03 -0.156191E+04  0.923466E+07 -0.261432E+05 -0.787391E+04 -0.647685E+06
  0.184062E+03  0.625244E+08 -0.428655E+05  0.494795E+09  0.210138E+07  0.596116E+06
 -0.625357E+08  0.270410E+05 -0.311776E+05 -0.170929E+07  0.494962E+09 -0.754675E+06
  0.175804E+05 -0.131745E+05 -0.654949E+06 -0.432027E+05 -0.367550E+06  0.264507E+07
 1.4609
  0.556177E+07  0.261193E+05  0.147513E+04  0.364092E+06 -0.443884E+08  0.760636E+05
 -0.255974E+05  0.556901E+07 -0.387453E+04  0.444086E+08  0.357520E+06  0.277148E+05
  0.216266E+03 -0.101177E+04  0.920030E+07 -0.221811E+05 -0.474684E+04 -0.627752E+06
 -0.790033E+05  0.444322E+08 -0.460805E+05  0.357202E+09  0.189746E+07  0.279468E+06
 -0.444156E+08 -0.811151E+05 -0.164650E+05 -0.189132E+07  0.357201E+09 -0.807518E+06
  0.804204E+05  0.247448E+05 -0.633190E+06  0.242367E+06 -0.844989E+06  0.263867E+07
 1.5012
  0.552569E+07  0.130085E+05  0.112978E+04  0.244841E+06 -0.439384E+08  0.818139E+05
 -0.130264E+05  0.552783E+07 -0.287276E+04  0.439143E+08  0.243215E+06  0.320710E+05
  0.182586E+03 -0.965996E+03  0.916750E+07 -0.220034E+05 -0.475547E+04 -0.609377E+06
  0.228872E+05  0.438984E+08 -0.377499E+05  0.351504E+09  0.967233E+06  0.316643E+06
 -0.439271E+08  0.251095E+05 -0.136320E+05 -0.921926E+06  0.351896E+09 -0.858753E+06
  0.872575E+05  0.324324E+05 -0.612490E+06  0.308364E+06 -0.905692E+06  0.263142E+07
 1.5415
  0.566756E+07  0.106325E+05  0.100990E+04  0.224728E+06 -0.450177E+08  0.831924E+05
 -0.107624E+05  0.566889E+07 -0.251047E+04  0.449854E+08  0.224652E+06  0.343698E+05
  0.185371E+03 -0.977711E+03  0.913524E+07 -0.222898E+05 -0.514672E+04 -0.592187E+06
  0.453089E+05  0.449756E+08 -0.348257E+05  0.359595E+09  0.782791E+06  0.336885E+06
 -0.450123E+08  0.484015E+05 -0.127750E+05 -0.725270E+06  0.360066E+09 -0.872612E+06
  0.883782E+05  0.352580E+05 -0.593161E+06  0.333739E+06 -0.918040E+06  0.262481E+07
 1.5818
  0.583912E+07  0.100935E+05  0.923265E+03  0.223066E+06 -0.463690E+08  0.831886E+05
 -0.102889E+05  0.584034E+07 -0.232944E+04  0.463348E+08  0.223873E+06  0.357459E+05
  0.199211E+03 -0.987004E+03  0.910230E+07 -0.225216E+05 -0.560853E+04 -0.576461E+06
  0.539378E+05  0.463345E+08 -0.335376E+05  0.370235E+09  0.737433E+06  0.349508E+06
 -0.463726E+08  0.575047E+05 -0.122544E+05 -0.673188E+06  0.370727E+09 -0.874499E+06
  0.880106E+05  0.367482E+05 -0.573559E+06  0.347922E+06 -0.917293E+06  0.261945E+07
 1.6221
  0.601425E+07  0.100672E+05  0.875833E+03  0.226753E+06 -0.477643E+08  0.825099E+05
 -0.102652E+05  0.601560E+07 -0.221886E+04  0.477304E+08  0.227898E+06  0.366741E+05
  0.207113E+03 -0.989168E+03  0.906380E+07 -0.226827E+05 -0.614906E+04 -0.561426E+06
  0.591367E+05  0.477400E+08 -0.329424E+05  0.381382E+09  0.729604E+06  0.358474E+06
 -0.477773E+08  0.626218E+05 -0.121259E+05 -0.663385E+06  0.381874E+09 -0.870767E+06
  0.871172E+05  0.375268E+05 -0.550647E+06  0.356325E+06 -0.912165E+06  0.261315E+07
 1.6624
  0.618521E+07  0.102418E+05  0.721369E+03  0.232563E+06 -0.491343E+08  0.814680E+05
 -0.103750E+05  0.618680E+07 -0.207529E+04  0.491016E+08  0.233502E+06  0.371974E+05
  0.178336E+03 -0.972445E+03  0.899910E+07 -0.226559E+05 -0.706309E+04 -0.544417E+06
  0.632736E+05  0.491209E+08 -0.322734E+05  0.392401E+09  0.734838E+06  0.364204E+06
 -0.491564E+08  0.661168E+05 -0.111889E+05 -0.670914E+06  0.392884E+09 -0.863562E+06
  0.859790E+05  0.378195E+05 -0.514268E+06  0.360425E+06 -0.904192E+06  0.260852E+07
 1.7027
  0.635018E+07  0.104810E+05  0.431467E+03  0.239243E+06 -0.504605E+08  0.801999E+05
 -0.105857E+05  0.635193E+07 -0.181889E+04  0.504286E+08  0.240279E+06  0.376147E+05
 -0.100824E+04 -0.117819E+04  0.887329E+07 -0.233315E+05 -0.223231E+04 -0.592396E+06
  0.665793E+05  0.504576E+08 -0.313278E+05  0.403098E+09  0.749858E+06  0.368667E+06
 -0.504919E+08  0.691075E+05 -0.937515E+04 -0.685100E+06  0.403578E+09 -0.854980E+06
  0.850517E+05  0.380623E+05 -0.458538E+06  0.363550E+06 -0.895966E+06  0.264082E+07
 1.7430
  0.650933E+07  0.107230E+05  0.117675E+04  0.246105E+06 -0.517413E+08  0.788038E+05
 -0.108212E+05  0.651119E+07 -0.237648E+04  0.517099E+08  0.247354E+06  0.378091E+05
 -0.232160E+03 -0.137280E+04  0.921687E+07 -0.257147E+05 -0.691781E+03 -0.625155E+06
  0.696896E+05  0.517507E+08 -0.336511E+05  0.413458E+09  0.767464E+06  0.371069E+06
 -0.517841E+08  0.719926E+05 -0.136483E+05 -0.701954E+06  0.413934E+09 -0.844992E+06
  0.828300E+05  0.378975E+05 -0.631352E+06  0.364499E+06 -0.884006E+06  0.265110E+07
 1.7833
  0.666346E+07  0.111546E+05  0.107135E+04  0.254510E+06 -0.529807E+08  0.773226E+05
 -0.111871E+05  0.666543E+07 -0.226479E+04  0.529501E+08  0.255556E+06  0.378319E+05
  0.128426E+03 -0.123433E+04  0.914800E+07 -0.250656E+05 -0.393928E+04 -0.580011E+06
  0.716472E+05  0.530060E+08 -0.331909E+05  0.423503E+09  0.795142E+06  0.372944E+06
 -0.530384E+08  0.732140E+05 -0.133094E+05 -0.732344E+06  0.423972E+09 -0.833735E+06
  0.809014E+05  0.372270E+05 -0.590152E+06  0.361214E+06 -0.870042E+06  0.262856E+07
 1.8236
  0.681552E+07  0.118772E+05  0.988444E+03  0.265447E+06 -0.541980E+08  0.756755E+05
 -0.117910E+05  0.681749E+07 -0.221219E+04  0.541674E+08  0.265891E+06  0.379338E+05
  0.200965E+03 -0.119589E+04  0.911617E+07 -0.249142E+05 -0.485222E+04 -0.564734E+06
  0.717105E+05  0.542469E+08 -0.330631E+05  0.433376E+09  0.840472E+06  0.375251E+06
 -0.542792E+08  0.720802E+05 -0.128105E+05 -0.783592E+06  0.433844E+09 -0.821035E+06
  0.787018E+05  0.362963E+05 -0.571119E+06  0.355767E+06 -0.853942E+06  0.262338E+07
 1.8639
  0.697996E+07  0.134094E+05  0.954716E+03  0.283840E+06 -0.554997E+08  0.737137E+05
 -0.132193E+05  0.698172E+07 -0.214272E+04  0.554677E+08  0.284042E+06  0.382164E+05
  0.246707E+03 -0.117704E+04  0.909753E+07 -0.248171E+05 -0.542916E+04 -0.556810E+06
  0.653701E+05  0.555948E+08 -0.326959E+05  0.443962E+09  0.948642E+06  0.379570E+06
 -0.556288E+08  0.647326E+05 -0.127134E+05 -0.893588E+06  0.444441E+09 -0.806052E+06
  0.758989E+05  0.344620E+05 -0.560325E+06  0.343662E+06 -0.833227E+06  0.262255E+07
 1.9042
  0.725712E+07  0.179091E+05  0.978393E+03  0.334152E+06 -0.576810E+08  0.693645E+05
 -0.174816E+05  0.725770E+07 -0.218062E+04  0.576408E+08  0.333915E+06  0.387561E+05
  0.352406E+03 -0.122051E+04  0.908497E+07 -0.251492E+05 -0.638250E+04 -0.552338E+06
  0.399536E+05  0.579393E+08 -0.331498E+05  0.462258E+09  0.129136E+07  0.386996E+06
 -0.579842E+08  0.370444E+05 -0.131277E+05 -0.124045E+07  0.462812E+09 -0.770655E+06
  0.681110E+05  0.278424E+05 -0.552820E+06  0.294128E+06 -0.774810E+06  0.262154E+07
 1.9445
  0.762272E+07  0.149525E+05  0.365103E+03  0.336928E+06 -0.612346E+08  0.560649E+05
 -0.157328E+05  0.762504E+07 -0.277542E+04  0.612086E+08  0.345136E+06  0.281305E+05
  0.611750E+03 -0.155166E+04  0.907579E+07 -0.281857E+05 -0.904262E+04 -0.549751E+06
  0.785117E+05  0.615810E+08 -0.391202E+05  0.497053E+09  0.119095E+07  0.290729E+06
 -0.616135E+08  0.864882E+05 -0.771639E+04 -0.105987E+07  0.497505E+09 -0.643851E+06
  0.538943E+05  0.158890E+05 -0.547380E+06  0.175102E+06 -0.637587E+06  0.262385E+07
 1.9848
  0.728153E+07  0.761666E+04  0.471244E+03  0.255943E+06 -0.582930E+08  0.665292E+05
 -0.771693E+04  0.728274E+07 -0.216065E+04  0.582546E+08  0.256166E+06  0.313784E+05
  0.273742E+03 -0.123973E+04  0.906858E+07 -0.256625E+05 -0.634512E+04 -0.548266E+06
  0.123626E+06  0.582690E+08 -0.337272E+05  0.468734E+09  0.610917E+06  0.319348E+06
 -0.583094E+08  0.124669E+06 -0.847027E+04 -0.561618E+06  0.469281E+09 -0.741243E+06
  0.707631E+05  0.328840E+05 -0.543190E+06  0.321521E+06 -0.780633E+06  0.262674E+07
 2.0252
  0.734301E+07  0.718395E+04  0.486472E+03  0.251832E+06 -0.587180E+08  0.667189E+05
 -0.723498E+04  0.734439E+07 -0.200515E+04  0.586806E+08  0.252075E+06  0.321607E+05
  0.204469E+03 -0.116627E+04  0.906172E+07 -0.249934E+05 -0.584094E+04 -0.548282E+06
  0.129784E+06  0.586941E+08 -0.324358E+05  0.471475E+09  0.558390E+06  0.327727E+06
 -0.587325E+08  0.130458E+06 -0.867866E+04 -0.509012E+06  0.472008E+09 -0.746038E+06
  0.708500E+05  0.334755E+05 -0.539540E+06  0.330629E+06 -0.785253E+06  0.262992E+07
 2.0655
  0.742660E+07  0.727470E+04  0.465887E+03  0.254895E+06 -0.593729E+08  0.657435E+05
 -0.723942E+04  0.742800E+07 -0.192847E+04  0.593357E+08  0.254760E+06  0.321020E+05
  0.139141E+03 -0.112548E+04  0.905297E+07 -0.245691E+05 -0.548441E+04 -0.550402E+06
  0.132794E+06  0.593597E+08 -0.318463E+05  0.476622E+09  0.555718E+06  0.328204E+06
 -0.593977E+08  0.132808E+06 -0.858046E+04 -0.509190E+06  0.477150E+09 -0.739756E+06
  0.696557E+05  0.326156E+05 -0.535538E+06  0.325605E+06 -0.777739E+06  0.263275E+07
 2.1058
  0.750956E+07  0.733757E+04  0.368221E+03  0.258419E+06 -0.600388E+08  0.645811E+05
 -0.722829E+04  0.751092E+07 -0.182021E+04  0.600014E+08  0.257857E+06  0.317652E+05
 -0.486875E+02 -0.103181E+04  0.903792E+07 -0.235707E+05 -0.434725E+04 -0.558959E+06
  0.136010E+06  0.600354E+08 -0.310862E+05  0.481995E+09  0.555727E+06  0.325843E+06
 -0.600737E+08  0.135538E+06 -0.778283E+04 -0.512426E+06  0.482526E+09 -0.731309E+06
  0.683045E+05  0.316369E+05 -0.530275E+06  0.318640E+06 -0.768122E+06  0.264085E+07
 2.1461
  0.759039E+07  0.728683E+04  0.600351E+03  0.261260E+06 -0.606935E+08  0.630728E+05
 -0.720224E+04  0.759160E+07 -0.192172E+04  0.606548E+08  0.261024E+06  0.315258E+05
 -0.105595E+04 -0.842984E+03  0.908601E+07 -0.203863E+05  0.297147E+04 -0.635926E+06
  0.139232E+06  0.606987E+08 -0.315940E+05  0.487323E+09  0.557494E+06  0.323355E+06
 -0.607382E+08  0.139104E+06 -0.924862E+04 -0.511050E+06  0.487864E+09 -0.719858E+06
  0.673874E+05  0.306189E+05 -0.565657E+06  0.310042E+06 -0.761050E+06  0.267995E+07
 2.1864
  0.766933E+07  0.725997E+04  0.856274E+03  0.264254E+06 -0.613351E+08  0.620380E+05
 -0.715572E+04  0.767033E+07 -0.215835E+04  0.612946E+08  0.264106E+06  0.308007E+05
  0.363945E+02 -0.126137E+04  0.916237E+07 -0.251968E+05 -0.342144E+04 -0.584936E+06
  0.142711E+06  0.613486E+08 -0.329645E+05  0.492560E+09  0.558292E+06  0.317782E+06
 -0.613899E+08  0.142567E+06 -0.113581E+05 -0.510130E+06  0.493117E+09 -0.711303E+06
  0.653436E+05  0.296538E+05 -0.584646E+06  0.303433E+06 -0.746278E+06  0.264700E+07
 2.2267
  0.774735E+07  0.733011E+04  0.656515E+03  0.268311E+06 -0.619689E+08  0.607473E+05
 -0.716226E+04  0.774810E+07 -0.198143E+04  0.619261E+08  0.267814E+06  0.300659E+05
  0.213785E+03 -0.122317E+04  0.912399E+07 -0.251755E+05 -0.497912E+04 -0.565546E+06
  0.145656E+06  0.619940E+08 -0.318795E+05  0.497749E+09  0.565289E+06  0.311906E+06
 -0.620377E+08  0.145176E+06 -0.990697E+04 -0.518648E+06  0.498327E+09 -0.700749E+06
  0.638151E+05  0.280282E+05 -0.565004E+06  0.290471E+06 -0.734818E+06  0.264248E+07
 2.2670
  0.783078E+07  0.752461E+04  0.555911E+03  0.274218E+06 -0.626431E+08  0.590074E+05
 -0.733559E+04  0.783110E+07 -0.191274E+04  0.625968E+08  0.273683E+06  0.294427E+05
  0.236125E+03 -0.119230E+04  0.911158E+07 -0.249086E+05 -0.520775E+04 -0.563222E+06
  0.147612E+06  0.626925E+08 -0.314387E+05  0.503324E+09  0.588296E+06  0.306948E+06
 -0.627405E+08  0.146999E+06 -0.913034E+04 -0.541350E+06  0.503936E+09 -0.686106E+06
  0.618864E+05  0.259847E+05 -0.559066E+06  0.273984E+06 -0.720080E+06  0.264642E+07
 2.3073
  0.796224E+07  0.815256E+04  0.453454E+03  0.288357E+06 -0.637184E+08  0.552325E+05
 -0.804893E+04  0.796144E+07 -0.190846E+04  0.636629E+08  0.288905E+06  0.288058E+05
  0.297488E+03 -0.124111E+04  0.910642E+07 -0.251702E+05 -0.570772E+04 -0.564152E+06
  0.147833E+06  0.638512E+08 -0.315595E+05  0.512674E+09  0.673106E+06  0.301842E+06
 -0.639114E+08  0.147458E+06 -0.831296E+04 -0.619611E+06  0.513386E+09 -0.651917E+06
  0.574525E+05  0.216488E+05 -0.557101E+06  0.237394E+06 -0.684250E+06  0.265112E+07
 2.3476
  0.804445E+07  0.648831E+04  0.837959E+02  0.280051E+06 -0.646811E+08  0.528259E+05
 -0.716875E+04  0.804434E+07 -0.189991E+04  0.646332E+08  0.287377E+06  0.269618E+05
  0.416180E+03 -0.136552E+04  0.910373E+07 -0.265516E+05 -0.713766E+04 -0.566374E+06
  0.160724E+06  0.648334E+08 -0.319320E+05  0.523541E+09  0.620369E+06  0.283717E+06
 -0.648897E+08  0.167210E+06 -0.454557E+04 -0.504524E+06  0.524206E+09 -0.620393E+06
  0.554986E+05  0.223840E+05 -0.556540E+06  0.230255E+06 -0.654984E+06  0.265470E+07
 2.3879
  0.795165E+07  0.524796E+04  0.257852E+03  0.260807E+06 -0.638061E+08  0.572482E+05
 -0.545266E+04  0.795252E+07 -0.171764E+04  0.637635E+08  0.263094E+06  0.271154E+05
  0.160914E+03 -0.111157E+04  0.910160E+07 -0.243164E+05 -0.493597E+04 -0.569524E+06
  0.168590E+06  0.638008E+08 -0.302625E+05  0.514059E+09  0.457272E+06  0.285720E+06
 -0.638452E+08  0.170534E+06 -0.609425E+04 -0.390768E+06  0.514650E+09 -0.666989E+06
  0.609840E+05  0.273108E+05 -0.556336E+06  0.278494E+06 -0.705319E+06  0.266019E+07
 2.4282
  0.799078E+07  0.510055E+04  0.289802E+03  0.260669E+06 -0.640876E+08  0.566770E+05
 -0.523889E+04  0.799160E+07 -0.168339E+04  0.640444E+08  0.262368E+06  0.267664E+05
  0.101684E+03 -0.108628E+04  0.909895E+07 -0.239530E+05 -0.449603E+04 -0.574178E+06
  0.172086E+06  0.640789E+08 -0.300229E+05  0.515920E+09  0.436402E+06  0.283044E+06
 -0.641228E+08  0.173009E+06 -0.646007E+04 -0.378390E+06  0.516509E+09 -0.663737E+06
  0.605636E+05  0.263349E+05 -0.556473E+06  0.272460E+06 -0.703995E+06  0.266786E+07
 2.4685
  0.803683E+07  0.507762E+04  0.272409E+03  0.262292E+06 -0.644531E+08  0.556537E+05
 -0.512993E+04  0.803742E+07 -0.163156E+04  0.644083E+08  0.263346E+06  0.264621E+05
 -0.381133E+02 -0.108370E+04  0.909547E+07 -0.236646E+05 -0.359203E+04 -0.584849E+06
  0.174816E+06  0.644467E+08 -0.295959E+05  0.518782E+09  0.430146E+06  0.279933E+06
 -0.644923E+08  0.174557E+06 -0.631368E+04 -0.381106E+06  0.519382E+09 -0.655942E+06
  0.597473E+05  0.255974E+05 -0.558241E+06  0.266173E+06 -0.698252E+06  0.267692E+07
 2.5088
  0.808230E+07  0.503413E+04  0.581711E+03  0.263961E+06 -0.648219E+08  0.544263E+05
 -0.504637E+04  0.808265E+07 -0.180582E+04  0.647750E+08  0.264677E+06  0.263233E+05
 -0.610828E+03 -0.854371E+03  0.913277E+07 -0.205184E+05  0.113453E+04 -0.635091E+06
  0.177124E+06  0.648169E+08 -0.307306E+05  0.521740E+09  0.428405E+06  0.278200E+06
 -0.648647E+08  0.176329E+06 -0.863859E+04 -0.384228E+06  0.522358E+09 -0.646049E+06
  0.590234E+05  0.244259E+05 -0.581147E+06  0.255993E+06 -0.693132E+06  0.269896E+07
 2.5491
  0.812720E+07  0.490588E+04  0.643938E+03  0.265125E+06 -0.651885E+08  0.537807E+05
 -0.492672E+04  0.812739E+07 -0.187194E+04  0.651402E+08  0.265947E+06  0.256961E+05
 -0.803516E+02 -0.105597E+04  0.917055E+07 -0.228880E+05 -0.214141E+04 -0.594636E+06
  0.179695E+06  0.651864E+08 -0.311276E+05  0.524714E+09  0.426534E+06  0.273234E+06
 -0.652360E+08  0.179039E+06 -0.933638E+04 -0.381536E+06  0.525348E+09 -0.640509E+06
  0.576986E+05  0.233547E+05 -0.580444E+06  0.247614E+06 -0.683052E+06  0.267998E+07
 2.5894
  0.817215E+07  0.472239E+04  0.453460E+03  0.266180E+06 -0.655558E+08  0.526937E+05
 -0.478828E+04  0.817214E+07 -0.172125E+04  0.655057E+08  0.267428E+06  0.252599E+05
  0.121289E+03 -0.101414E+04  0.914547E+07 -0.229095E+05 -0.384491E+04 -0.581795E+06
  0.182359E+06  0.655604E+08 -0.301330E+05  0.527718E+09  0.427704E+06  0.269511E+06
 -0.656123E+08  0.181865E+06 -0.781703E+04 -0.381069E+06  0.528372E+09 -0.631491E+06
  0.566278E+05  0.218242E+05 -0.570018E+06  0.234720E+06 -0.674612E+06  0.268309E+07
 2.6297
  0.822475E+07  0.453113E+04  0.375789E+03  0.268581E+06 -0.659885E+08  0.509865E+05
 -0.472470E+04  0.822438E+07 -0.167391E+04  0.659352E+08  0.270984E+06  0.249603E+05
  0.189438E+03 -0.110641E+04  0.913790E+07 -0.236605E+05 -0.456222E+04 -0.581952E+06
  0.184706E+06  0.660134E+08 -0.299207E+05  0.531370E+09  0.446024E+06  0.266891E+06
 -0.660703E+08  0.184878E+06 -0.720532E+04 -0.393406E+06  0.532066E+09 -0.616149E+06
  0.550706E+05  0.197771E+05 -0.567705E+06  0.216420E+06 -0.662067E+06  0.268911E+07
 2.6700
  0.832175E+07  0.337527E+04  0.108406E+03  0.268010E+06 -0.668750E+08  0.469861E+05
 -0.447720E+04  0.832106E+07 -0.158531E+04  0.668200E+08  0.279760E+06  0.253573E+05
  0.349531E+03 -0.127225E+04  0.913477E+07 -0.251603E+05 -0.622559E+04 -0.584182E+06
  0.191580E+06  0.669941E+08 -0.293197E+05  0.540216E+09  0.501520E+06  0.271244E+06
 -0.670580E+08  0.200553E+06 -0.447416E+04 -0.357559E+06  0.540964E+09 -0.572971E+06
  0.520345E+05  0.170202E+05 -0.566956E+06  0.186677E+06 -0.632901E+06  0.269562E+07
 2.7103
  0.827055E+07  0.378828E+04  0.237366E+03  0.262397E+06 -0.664917E+08  0.509080E+05
 -0.425981E+04  0.827083E+07 -0.152637E+04  0.664442E+08  0.267670E+06  0.245263E+05
  0.140453E+03 -0.109362E+04  0.913290E+07 -0.237668E+05 -0.461703E+04 -0.587401E+06
  0.188954E+06  0.665052E+08 -0.287319E+05  0.536778E+09  0.424116E+06  0.264080E+06
 -0.665567E+08  0.192591E+06 -0.524847E+04 -0.335143E+06  0.537429E+09 -0.610656E+06
  0.558987E+05  0.213201E+05 -0.566718E+06  0.224007E+06 -0.664013E+06  0.270280E+07
 2.7506
  0.828214E+07  0.371802E+04  0.337077E+03  0.261269E+06 -0.665433E+08  0.510560E+05
 -0.380262E+04  0.828241E+07 -0.154561E+04  0.664952E+08  0.262714E+06  0.240012E+05
  0.951484E+02 -0.104138E+04  0.913114E+07 -0.231910E+05 -0.416966E+04 -0.592438E+06
  0.192331E+06  0.665281E+08 -0.290191E+05  0.536496E+09  0.380356E+06  0.258052E+06
 -0.665788E+08  0.191975E+06 -0.627038E+04 -0.331424E+06  0.537144E+09 -0.615418E+06
  0.560029E+05  0.205438E+05 -0.566947E+06  0.219029E+06 -0.667065E+06  0.271320E+07
 2.7909
  0.830872E+07  0.356026E+04  0.400103E+03  0.261073E+06 -0.667496E+08  0.503907E+05
 -0.352364E+04  0.830878E+07 -0.156712E+04  0.666999E+08  0.261314E+06  0.238262E+05
 -0.315977E+02 -0.101753E+04  0.913012E+07 -0.226447E+05 -0.312847E+04 -0.605007E+06
  0.194925E+06  0.667278E+08 -0.293514E+05  0.537978E+09  0.366528E+06  0.255195E+06
 -0.667802E+08  0.192984E+06 -0.678308E+04 -0.332911E+06  0.538641E+09 -0.610297E+06
  0.558564E+05  0.196215E+05 -0.568800E+06  0.210263E+06 -0.666425E+06  0.272647E+07
 2.8312
  0.833668E+07  0.331434E+04  0.716627E+03  0.260339E+06 -0.669752E+08  0.494717E+05
 -0.334081E+04  0.833653E+07 -0.173543E+04  0.669236E+08  0.261133E+06  0.238800E+05
 -0.897016E+03 -0.824844E+03  0.916626E+07 -0.189915E+05  0.457875E+04 -0.648165E+06
  0.196673E+06  0.669489E+08 -0.307314E+05  0.539717E+09  0.364834E+06  0.254139E+06
 -0.670037E+08  0.194714E+06 -0.914190E+04 -0.331043E+06  0.540399E+09 -0.602214E+06
  0.560323E+05  0.184617E+05 -0.580734E+06  0.198517E+06 -0.668137E+06  0.274099E+07
 2.8715
  0.836461E+07  0.298238E+04  0.614092E+03  0.259270E+06 -0.672025E+08  0.490838E+05
 -0.304581E+04  0.836425E+07 -0.161425E+04  0.671493E+08  0.260375E+06  0.237225E+05
 -0.295539E+03 -0.747570E+03  0.917819E+07 -0.194301E+05 -0.375000E+03 -0.605874E+06
  0.198912E+06  0.671736E+08 -0.300201E+05  0.541504E+09  0.363054E+06  0.251711E+06
 -0.672308E+08  0.196673E+06 -0.846341E+04 -0.331586E+06  0.542207E+09 -0.597696E+06
  0.554333E+05  0.172408E+05 -0.570454E+06  0.187502E+06 -0.662906E+06  0.273820E+07
 2.9118
  0.839299E+07  0.235545E+04  0.472002E+03  0.256436E+06 -0.674344E+08  0.481022E+05
 -0.263412E+04  0.839231E+07 -0.145463E+04  0.673785E+08  0.259747E+06  0.240583E+05
  0.713398E+02 -0.818715E+03  0.916328E+07 -0.207257E+05 -0.377631E+04 -0.595775E+06
  0.201656E+06  0.674054E+08 -0.289918E+05  0.543347E+09  0.368961E+06  0.253393E+06
 -0.674669E+08  0.200692E+06 -0.720798E+04 -0.323216E+06  0.544086E+09 -0.587671E+06
  0.553659E+05  0.154298E+05 -0.564262E+06  0.169966E+06 -0.662509E+06  0.275425E+07
 2.9521
  0.843162E+07  0.745617E+03  0.221380E+03  0.248390E+06 -0.677637E+08  0.457214E+05
 -0.186677E+04  0.843006E+07 -0.124779E+04  0.677010E+08  0.260264E+06  0.254149E+05
  0.227926E+03 -0.894832E+03  0.915790E+07 -0.214662E+05 -0.527369E+04 -0.596236E+06
  0.207357E+06  0.677498E+08 -0.273247E+05  0.546218E+09  0.399796E+06  0.266127E+06
 -0.678233E+08  0.214109E+06 -0.447641E+04 -0.273876E+06  0.547055E+09 -0.561473E+06
  0.556245E+05  0.128599E+05 -0.560445E+06  0.143499E+06 -0.664235E+06  0.277456E+07
 2.9924
  0.846378E+07  0.123308E+04  0.206775E+03  0.248957E+06 -0.681185E+08  0.454135E+05
 -0.282250E+04  0.846388E+07 -0.102591E+04  0.680714E+08  0.265944E+06  0.259781E+05
  0.294129E+03 -0.913195E+03  0.915490E+07 -0.216994E+05 -0.617284E+04 -0.599659E+06
  0.194609E+06  0.681466E+08 -0.246572E+05  0.550521E+09  0.517602E+06  0.276112E+06
 -0.682065E+08  0.209740E+06 -0.267034E+04 -0.301082E+06  0.551230E+09 -0.547534E+06
  0.578185E+05  0.117598E+05 -0.556460E+06  0.126145E+06 -0.682129E+06  0.280059E+07
 3.0327
  0.845394E+07  0.283319E+04  0.717139E+03  0.257611E+06 -0.680073E+08  0.484472E+05
 -0.288688E+04  0.845498E+07 -0.122386E+04  0.679671E+08  0.258029E+06  0.240905E+05
  0.246289E+02 -0.877438E+03  0.915200E+07 -0.209816E+05 -0.362447E+04 -0.607142E+06
  0.189606E+06  0.679965E+08 -0.276157E+05  0.549025E+09  0.457117E+06  0.249800E+06
 -0.680430E+08  0.186306E+06 -0.824707E+04 -0.437640E+06  0.549630E+09 -0.582376E+06
  0.594848E+05  0.115625E+05 -0.551936E+06  0.124067E+06 -0.698533E+06  0.283240E+07
 3.0730
  0.846743E+07  0.221919E+04  0.851713E+03  0.252763E+06 -0.681016E+08  0.484813E+05
 -0.191901E+04  0.846836E+07 -0.122093E+04  0.680600E+08  0.249625E+06  0.241220E+05
 -0.728746E+03 -0.596195E+03  0.914833E+07 -0.171038E+05  0.352356E+04 -0.627718E+06
  0.197713E+06  0.680781E+08 -0.285007E+05  0.549491E+09  0.375867E+06  0.244435E+06
 -0.681255E+08  0.189837E+06 -0.958298E+04 -0.402946E+06  0.550109E+09 -0.584842E+06
  0.607516E+05  0.942667E+04 -0.547562E+06  0.102791E+06 -0.710468E+06  0.286479E+07
 3.1133
  0.848438E+07  0.159289E+04  0.114455E+04  0.248959E+06 -0.682335E+08  0.479237E+05
 -0.113585E+04  0.848509E+07 -0.109684E+04  0.681900E+08  0.244471E+06  0.244841E+05
 -0.208964E+04  0.105757E+04  0.916177E+07  0.961281E+03  0.151410E+05 -0.678696E+06
  0.207888E+06  0.682029E+08 -0.285459E+05  0.550403E+09  0.293250E+06  0.244697E+06
 -0.682521E+08  0.199973E+06 -0.115508E+05 -0.321408E+06  0.551037E+09 -0.581264E+06
  0.601871E+05  0.830020E+04 -0.536709E+06  0.937487E+05 -0.705682E+06  0.288807E+07
 3.1536
  0.850126E+07  0.133704E+04  0.116454E+04  0.249500E+06 -0.683675E+08  0.477133E+05
 -0.975461E+03  0.850185E+07 -0.117882E+04  0.683232E+08  0.246107E+06  0.253075E+05
  0.233573E+04 -0.108504E+04  0.920105E+07 -0.255686E+05 -0.267325E+05 -0.598237E+06
  0.217793E+06  0.683288E+08 -0.278501E+05  0.551341E+09  0.226150E+06  0.251460E+06
 -0.683785E+08  0.214578E+06 -0.116819E+05 -0.210871E+06  0.551972E+09 -0.578601E+06
  0.587253E+05  0.800025E+04 -0.537026E+06  0.934863E+05 -0.692225E+06  0.292932E+07
 3.1939
  0.851927E+07  0.189215E+04  0.847258E+03  0.257476E+06 -0.685144E+08  0.455842E+05
 -0.156440E+04  0.852022E+07 -0.171456E+04  0.684736E+08  0.254596E+06  0.242690E+05
  0.242569E+04 -0.242458E+04  0.918876E+07 -0.384274E+05 -0.259089E+05 -0.572259E+06
  0.222236E+06  0.684676E+08 -0.284937E+05  0.552399E+09  0.218840E+06  0.256113E+06
 -0.685134E+08  0.223492E+06 -0.964166E+04 -0.162145E+06  0.552990E+09 -0.560698E+06
  0.517618E+05  0.126352E+05 -0.572617E+06  0.145770E+06 -0.629388E+06  0.285587E+07
 3.2342
  0.855461E+07  0.507894E+04  0.128719E+04  0.284091E+06 -0.688326E+08  0.443523E+05
 -0.364325E+04  0.855774E+07 -0.255246E+04  0.688118E+08  0.271202E+06  0.204545E+05
  0.192347E+04 -0.236721E+04  0.917956E+07 -0.368385E+05 -0.209465E+05 -0.580970E+06
  0.207653E+06  0.688235E+08 -0.338631E+05  0.555544E+09  0.344826E+06  0.233310E+06
 -0.688463E+08  0.201048E+06 -0.155898E+05 -0.357451E+06  0.555924E+09 -0.548247E+06
  0.449556E+05  0.186231E+05 -0.606577E+06  0.202593E+06 -0.570264E+06  0.273041E+07
 3.2745
  0.859079E+07  0.107418E+05  0.132340E+04  0.333063E+06 -0.692173E+08  0.487239E+05
 -0.668703E+04  0.859176E+07 -0.345735E+04  0.691752E+08  0.292908E+06  0.136689E+05
  0.113705E+04 -0.243243E+04  0.917398E+07 -0.372088E+05 -0.137689E+05 -0.593351E+06
  0.203737E+06  0.693034E+08 -0.447224E+05  0.560625E+09  0.257468E+06  0.150974E+06
 -0.693346E+08  0.162611E+06 -0.200656E+05 -0.627929E+06  0.561096E+09 -0.613540E+06
  0.363157E+05  0.367612E+05 -0.627071E+06  0.382702E+06 -0.486576E+06  0.262747E+07
 3.3148
  0.857309E+07  0.555625E+04  0.629056E+03  0.291206E+06 -0.690200E+08  0.465036E+05
 -0.419067E+04  0.857216E+07 -0.287442E+04  0.689602E+08  0.277850E+06  0.171220E+05
  0.822090E+03 -0.204237E+04  0.917099E+07 -0.330557E+05 -0.107556E+05 -0.603764E+06
  0.239462E+06  0.690045E+08 -0.381164E+05  0.557537E+09  0.713500E+03  0.194392E+06
 -0.690625E+08  0.228074E+06 -0.110726E+05 -0.743685E+05  0.558262E+09 -0.594609E+06
  0.414920E+05  0.353316E+05 -0.634901E+06  0.370579E+06 -0.536970E+06  0.257128E+07
 3.3552
  0.858050E+07  0.528593E+04  0.663076E+03  0.292039E+06 -0.690651E+08  0.453396E+05
 -0.432766E+04  0.857971E+07 -0.282353E+04  0.690070E+08  0.282789E+06  0.178101E+05
  0.120981E+04 -0.219210E+04  0.917778E+07 -0.346898E+05 -0.149293E+05 -0.606053E+06
  0.236883E+06  0.690153E+08 -0.373010E+05  0.557398E+09  0.684705E+05  0.204755E+06
 -0.690725E+08  0.229651E+06 -0.103589E+05 -0.992550E+05  0.558110E+09 -0.580231E+06
  0.420641E+05  0.331226E+05 -0.641003E+06  0.347163E+06 -0.543157E+06  0.254230E+07
 3.3955
  0.859310E+07  0.556241E+04  0.436923E+03  0.296566E+06 -0.691641E+08  0.446097E+05
 -0.468103E+04  0.859247E+07 -0.327805E+04  0.691078E+08  0.288063E+06  0.173964E+05
  0.931512E+03 -0.279094E+04  0.923406E+07 -0.422337E+05 -0.104589E+05 -0.551263E+06
  0.231649E+06  0.690959E+08 -0.393033E+05  0.557968E+09  0.141994E+06  0.204176E+06
 -0.691515E+08  0.225060E+06 -0.967896E+04 -0.164832E+06  0.558662E+09 -0.571639E+06
  0.415364E+05  0.320905E+05 -0.688120E+06  0.336129E+06 -0.539321E+06  0.248159E+07
 3.4358
  0.860808E+07  0.608845E+04  0.317165E+03  0.302658E+06 -0.692883E+08  0.440749E+05
 -0.521502E+04  0.860752E+07 -0.287451E+04  0.692328E+08  0.294269E+06  0.175807E+05
  0.233613E+03 -0.206038E+04  0.920168E+07 -0.337356E+05 -0.374350E+04 -0.578144E+06
  0.225026E+06  0.692093E+08 -0.367407E+05  0.558870E+09  0.220640E+06  0.205032E+06
 -0.692643E+08  0.218270E+06 -0.897617E+04 -0.243736E+06  0.559554E+09 -0.564485E+06
  0.413550E+05  0.297573E+05 -0.667946E+06  0.311542E+06 -0.537699E+06  0.248859E+07
 3.4761
  0.863490E+07  0.765930E+04  0.415142E+03  0.318320E+06 -0.695276E+08  0.443351E+05
 -0.634548E+04  0.863431E+07 -0.282532E+04  0.694717E+08  0.305737E+06  0.168593E+05
  0.366699E+03 -0.202246E+04  0.918970E+07 -0.328654E+05 -0.546256E+04 -0.591262E+06
  0.214675E+06  0.694718E+08 -0.371319E+05  0.561195E+09  0.331388E+06  0.195475E+06
 -0.695268E+08  0.202303E+06 -0.988591E+04 -0.408060E+06  0.561881E+09 -0.565088E+06
  0.392287E+05  0.290818E+05 -0.658373E+06  0.303753E+06 -0.517617E+06  0.249553E+07
 3.5164
  0.867091E+07  0.437401E+04  0.362147E+03  0.284932E+06 -0.698874E+08  0.471543E+05
 -0.296882E+04  0.866880E+07 -0.281267E+04  0.698157E+08  0.270680E+06  0.171037E+05
  0.285898E+03 -0.199343E+04  0.918529E+07 -0.327040E+05 -0.498109E+04 -0.596873E+06
  0.275271E+06  0.699211E+08 -0.379136E+05  0.565701E+09 -0.292744E+06  0.196047E+06
 -0.699900E+08  0.259849E+06 -0.910792E+04  0.175181E+06  0.566535E+09 -0.601490E+06
  0.348778E+05  0.347737E+05 -0.654884E+06  0.361878E+06 -0.473213E+06  0.249921E+07
 3.5567
  0.864939E+07  0.616805E+04  0.375483E+03  0.302258E+06 -0.696687E+08  0.455047E+05
 -0.556338E+04  0.864805E+07 -0.264514E+04  0.696046E+08  0.296427E+06  0.182172E+05
  0.346715E+03 -0.168212E+04  0.918422E+07 -0.297273E+05 -0.577012E+04 -0.598741E+06
  0.233259E+06  0.696177E+08 -0.359560E+05  0.562724E+09  0.112262E+06  0.211619E+06
 -0.696799E+08  0.228536E+06 -0.865359E+04 -0.117654E+06  0.563486E+09 -0.581969E+06
  0.374511E+05  0.289875E+05 -0.654635E+06  0.310413E+06 -0.496452E+06  0.250350E+07
 3.5970
  0.865266E+07  0.687746E+04  0.475807E+03  0.309846E+06 -0.696814E+08  0.444985E+05
 -0.639586E+04  0.865187E+07 -0.268553E+04  0.696227E+08  0.305408E+06  0.181927E+05
  0.476410E+03 -0.197122E+04  0.919350E+07 -0.324693E+05 -0.702078E+04 -0.593889E+06
  0.217937E+06  0.695986E+08 -0.359384E+05  0.562368E+09  0.274780E+06  0.212502E+06
 -0.696563E+08  0.214299E+06 -0.967918E+04 -0.266284E+06  0.563085E+09 -0.568789E+06
  0.384563E+05  0.250587E+05 -0.661809E+06  0.274205E+06 -0.506008E+06  0.250711E+07
 3.6373
  0.866188E+07  0.702176E+04  0.361941E+03  0.311790E+06 -0.697534E+08  0.439800E+05
 -0.653355E+04  0.866135E+07 -0.260265E+04  0.696973E+08  0.307325E+06  0.181760E+05
  0.402273E+03 -0.253186E+04  0.921960E+07 -0.378268E+05 -0.556062E+04 -0.594315E+06
  0.213682E+06  0.696583E+08 -0.349703E+05  0.562785E+09  0.326192E+06  0.210766E+06
 -0.697139E+08  0.209349E+06 -0.928873E+04 -0.323027E+06  0.563482E+09 -0.561472E+06
  0.389176E+05  0.228867E+05 -0.667010E+06  0.252517E+06 -0.510064E+06  0.252427E+07
 3.6776
  0.867428E+07  0.643770E+04  0.361761E+03  0.306809E+06 -0.698575E+08  0.440959E+05
 -0.589483E+04  0.867369E+07 -0.236955E+04  0.698008E+08  0.301766E+06  0.182236E+05
  0.516359E+03 -0.172234E+04  0.920129E+07 -0.299362E+05 -0.700575E+04 -0.606732E+06
  0.219151E+06  0.697618E+08 -0.340558E+05  0.563630E+09  0.283478E+06  0.208120E+06
 -0.698185E+08  0.213970E+06 -0.889921E+04 -0.289834E+06  0.564336E+09 -0.562047E+06
  0.394235E+05  0.219475E+05 -0.647698E+06  0.241311E+06 -0.514577E+06  0.256759E+07
 3.7179
  0.869800E+07  0.534737E+04  0.453482E+03  0.295787E+06 -0.700721E+08  0.444529E+05
 -0.444812E+04  0.869721E+07 -0.238068E+04  0.700132E+08  0.287245E+06  0.184721E+05
  0.870047E+03 -0.178954E+04  0.919434E+07 -0.303977E+05 -0.106428E+05 -0.603893E+06
  0.241330E+06  0.700201E+08 -0.353590E+05  0.565961E+09  0.652400E+05  0.206694E+06
 -0.700794E+08  0.231032E+06 -0.935019E+04 -0.122725E+06  0.566698E+09 -0.565871E+06
  0.394503E+05  0.230494E+05 -0.631608E+06  0.248200E+06 -0.514588E+06  0.263876E+07
 3.7582
  0.870970E+07  0.671632E+04  0.507835E+03  0.309947E+06 -0.701886E+08  0.436784E+05
 -0.635757E+04  0.870938E+07 -0.226459E+04  0.701347E+08  0.306774E+06  0.182433E+05
  0.462641E+03 -0.184747E+04  0.919196E+07 -0.310618E+05 -0.688397E+04 -0.601685E+06
  0.221885E+06  0.701948E+08 -0.338004E+05  0.567737E+09  0.253730E+06  0.202459E+06
 -0.702454E+08  0.218181E+06 -0.938207E+04 -0.246870E+06  0.568388E+09 -0.557852E+06
  0.376051E+05  0.280175E+05 -0.630921E+06  0.295387E+06 -0.495944E+06  0.262182E+07
 3.7985
  0.870134E+07  0.497191E+04  0.554281E+03  0.295602E+06 -0.700974E+08  0.433809E+05
 -0.466814E+04  0.870058E+07 -0.232648E+04  0.700398E+08  0.292952E+06  0.186169E+05
  0.454117E+03 -0.179141E+04  0.919188E+07 -0.304989E+05 -0.675553E+04 -0.603924E+06
  0.233735E+06  0.700333E+08 -0.337723E+05  0.566125E+09  0.168736E+06  0.208085E+06
 -0.700911E+08  0.231359E+06 -0.965473E+04 -0.147591E+06  0.566836E+09 -0.557019E+06
  0.403815E+05  0.262669E+05 -0.638339E+06  0.278732E+06 -0.523765E+06  0.257970E+07
 3.8388
  0.870571E+07  0.468516E+04  0.559270E+03  0.292984E+06 -0.701257E+08  0.432625E+05
 -0.433524E+04  0.870480E+07 -0.254224E+04  0.700668E+08  0.289843E+06  0.187158E+05
  0.713434E+03 -0.186986E+04  0.920809E+07 -0.315281E+05 -0.897662E+04 -0.599294E+06
  0.235346E+06  0.700314E+08 -0.352786E+05  0.565987E+09  0.155096E+06  0.210330E+06
 -0.700912E+08  0.232097E+06 -0.100578E+05 -0.141766E+06  0.566718E+09 -0.556567E+06
  0.403921E+05  0.250722E+05 -0.653404E+06  0.267243E+06 -0.525679E+06  0.255337E+07
 3.8791
  0.871376E+07  0.513190E+04  0.359976E+03  0.296903E+06 -0.701907E+08  0.429642E+05
 -0.469841E+04  0.871286E+07 -0.247632E+04  0.701317E+08  0.293052E+06  0.185893E+05
  0.291094E+03 -0.166652E+04  0.921804E+07 -0.293074E+05 -0.470709E+04 -0.595877E+06
  0.230309E+06  0.700838E+08 -0.342652E+05  0.566374E+09  0.200890E+06  0.210500E+06
 -0.701429E+08  0.225737E+06 -0.901916E+04 -0.199770E+06  0.567099E+09 -0.553468E+06
  0.395238E+05  0.237340E+05 -0.660566E+06  0.255815E+06 -0.518319E+06  0.254181E+07
 3.9194
  0.872719E+07  0.622254E+04  0.414347E+03  0.306932E+06 -0.703074E+08  0.428705E+05
 -0.550973E+04  0.872642E+07 -0.236592E+04  0.702494E+08  0.300505E+06  0.182517E+05
  0.371254E+03 -0.172757E+04  0.920403E+07 -0.296841E+05 -0.570022E+04 -0.602274E+06
  0.222699E+06  0.702111E+08 -0.337006E+05  0.567471E+09  0.273059E+06  0.207472E+06
 -0.702691E+08  0.214574E+06 -0.930985E+04 -0.305035E+06  0.568186E+09 -0.551398E+06
  0.384016E+05  0.220415E+05 -0.653891E+06  0.240749E+06 -0.506900E+06  0.254230E+07
 3.9597
  0.875479E+07  0.620885E+04  0.404741E+03  0.306364E+06 -0.705661E+08  0.433439E+05
 -0.556530E+04  0.875372E+07 -0.234468E+04  0.705046E+08  0.300388E+06  0.176480E+05
  0.456145E+03 -0.177753E+04  0.919850E+07 -0.302527E+05 -0.674291E+04 -0.604670E+06
  0.235267E+06  0.705438E+08 -0.340856E+05  0.570599E+09  0.145576E+06  0.200051E+06
 -0.706041E+08  0.226886E+06 -0.897727E+04 -0.183072E+06  0.571343E+09 -0.557720E+06
  0.369462E+05  0.242898E+05 -0.651813E+06  0.261629E+06 -0.491859E+06  0.254885E+07
 4.0000
  0.874763E+07  0.573003E+04  0.376280E+03  0.302643E+06 -0.704985E+08  0.430522E+05
 -0.600556E+04  0.874681E+07 -0.217310E+04  0.704395E+08  0.305744E+06  0.179009E+05
  0.350324E+03 -0.168794E+04  0.919711E+07 -0.293802E+05 -0.571488E+04 -0.604720E+06
  0.225495E+06  0.704397E+08 -0.323849E+05  0.569657E+09  0.245511E+06  0.201064E+06
 -0.704967E+08  0.229347E+06 -0.802136E+04 -0.163084E+06  0.570372E+09 -0.554160E+06
  0.377454E+05  0.247567E+05 -0.647448E+06  0.266277E+06 -0.498272E+06  0.258092E+07
